0.773956 0.438878
0.858598 0.697368
0.094177 0.975622
0.761140 0.786064
0.128114 0.450386
0.370798 0.926765
0.643865 0.822762
0.443414 0.227239
0.554585 0.063817
0.827631 0.631664
0.758088 0.354526
0.970698 0.893121
0.778383 0.194639
0.466721 0.043804
0.154289 0.683049
0.744762 0.967510
0.325825 0.370460
0.469556 0.189471
0.129922 0.475705
0.226909 0.669814
0.437152 0.832678
0.700265 0.312367
0.832260 0.804764
0.387478 0.288328
0.682496 0.139752
0.199908 0.007362
0.786924 0.664851
0.705165 0.780729
0.458916 0.568741
0.139797 0.114530
0.668403 0.471096
0.565236 0.764999
0.634718 0.553579
0.559207 0.303950
0.030818 0.436717
0.214585 0.408529
0.853403 0.233939
0.058303 0.281384
0.293594 0.661917
0.557032 0.783898
0.664314 0.406387
0.814020 0.166973
0.022712 0.090048
0.722359 0.461877
0.161272 0.501045
0.152312 0.696320
0.446156 0.381021
0.301512 0.630283
0.361813 0.087650
0.118006 0.961898
0.908581 0.699707
0.265870 0.969176
0.778751 0.716890
0.449362 0.272242
0.096391 0.902602
0.455776 0.202363
0.305957 0.579220
0.176773 0.856614
0.758520 0.719463
0.432093 0.627309
0.584098 0.649847
0.084444 0.415807
0.041614 0.493991
0.329861 0.144524
0.103403 0.587645
0.170593 0.925120
0.581061 0.346870
0.590915 0.022804
0.958559 0.482303
0.782735 0.082730
0.486658 0.490707
0.937826 0.571728
0.473489 0.266976
0.331569 0.520672
0.438911 0.021612
0.826292 0.896161
0.140249 0.554036
0.108576 0.672240
0.281234 0.659423
0.726995 0.768647
0.107741 0.916012
0.230214 0.037413
0.554852 0.370922
0.829790 0.808251
0.317139 0.952899
0.290918 0.515057
0.255965 0.936044
0.164608 0.044911
0.435097 0.992376
0.891677 0.748608
0.890792 0.893447
0.518858 0.315929
0.772012 0.661661
0.373658 0.094467
0.746790 0.262461
0.936813 0.240971
0.122758 0.831113
0.153284 0.179268
0.599383 0.874562
0.196435 0.310324
0.777405 0.971826
0.500741 0.143898
0.013936 0.229656
0.131822 0.677659
0.121833 0.506330
0.694262 0.581117
0.199776 0.804125
0.715407 0.738984
0.131058 0.123754
0.927563 0.397578
0.300949 0.488584
0.662864 0.955623
0.286446 0.924808
0.024859 0.555198
0.633975 0.105897
0.140340 0.419114
0.966232 0.596043
0.933023 0.804361
0.467382 0.784763
0.017837 0.109144
0.829429 0.796817
0.232641 0.530770
0.606016 0.867739
0.603107 0.412572
0.374184 0.425882
0.651931 0.867491
0.453897 0.247840
0.236662 0.746014
0.816569 0.105278
0.066559 0.594434
0.146173 0.824664
0.310335 0.143872
0.920970 0.165532
0.284720 0.153613
0.115490 0.021148
0.055395 0.174641
0.053382 0.591144
0.680715 0.393630
0.317991 0.504526
0.875005 0.851132
0.043475 0.181498
0.236745 0.249388
0.571233 0.416262
0.049254 0.373614
0.523753 0.101672
0.833459 0.051962
0.924842 0.099113
0.843575 0.902653
0.979571 0.802026
0.779478 0.642483
0.778996 0.134552
0.536068 0.514223
0.857572 0.462799
0.385089 0.639563
0.266463 0.139768
0.477877 0.416889
0.232570 0.367512
0.366392 0.327496
0.379464 0.685743
0.296876 0.948858
0.916348 0.480910
0.328361 0.535435
0.848560 0.652587
0.804392 0.532722
0.632918 0.288156
0.734893 0.202405
0.694798 0.860719
0.132103 0.614380
0.095096 0.725716
0.084493 0.935940
0.137408 0.958880
0.800884 0.593682
0.782624 0.795115
0.946027 0.253383
0.590076 0.095049
0.616166 0.171291
0.564951 0.572431
0.465985 0.522632
0.763923 0.799245
0.492153 0.599593
0.931236 0.119734
0.117104 0.087709
0.657863 0.418608
0.774321 0.671231
0.333638 0.898367
0.762532 0.270535
0.364192 0.314440
0.157612 0.147783
0.936127 0.437904
0.383320 0.729686
0.552993 0.936140
0.780301 0.479370
0.376359 0.986632
0.717760 0.951195
0.118479 0.850534
0.637074 0.121922
0.588258 0.686096
0.012303 0.454318
0.825400 0.295359
0.458548 0.442314
0.301927 0.918442
0.781294 0.110588
0.997035 0.879200
0.283908 0.836897
0.106420 0.999105
0.665685 0.650125
0.090441 0.897033
0.029000 0.240828
0.143022 0.776768
0.198204 0.910638
0.656269 0.036163
0.005430 0.051658
0.605925 0.801482
0.238553 0.849409
0.057232 0.800964
0.927795 0.772108
0.698121 0.837980
0.040151 0.201782
0.124924 0.504531
0.745188 0.630012
0.851131 0.155213
0.734621 0.193041
0.270759 0.709905
0.980205 0.611544
0.054500 0.616309
0.042351 0.884146
0.709578 0.173128
0.091721 0.183533
0.980027 0.458561
0.784081 0.636408
0.572413 0.145130
0.946024 0.301343
0.578017 0.699776
0.649233 0.940594
0.148439 0.508353
0.404034 0.474169
0.119218 0.134095
0.278076 0.304705
0.427903 0.610988
0.634629 0.411811
0.408783 0.217629
0.588306 0.317041
0.036060 0.418400
0.474133 0.225593
0.572458 0.565772
0.702002 0.647948
0.652433 0.316214
0.787432 0.549144
0.431418 0.626012
0.360657 0.512739
0.736706 0.886403
0.921057 0.503633
0.520275 0.799870
0.314451 0.837382
0.494142 0.115857
0.072059 0.841993
0.055568 0.280611
0.334130 0.172994
0.313893 0.742693
0.014683 0.827173
0.856548 0.372262
0.153613 0.600840
0.119673 0.364919
0.958429 0.995464
0.772105 0.310962
0.687665 0.705406
0.387842 0.640889
0.010728 0.209058
0.525088 0.163751
0.165907 0.836304
0.989133 0.555969
0.839070 0.990322
0.141596 0.448246
0.392573 0.080049
0.755330 0.433779
0.469327 0.150673
0.180927 0.907104
0.044649 0.232852
0.292059 0.490198
0.586445 0.493290
0.084115 0.243667
0.843588 0.637589
0.649149 0.670203
0.762903 0.058108
0.366608 0.539527
0.338456 0.844479
0.482573 0.768628
0.852016 0.504791
0.909552 0.587124
0.850274 0.340591
0.498817 0.531411
0.104980 0.398553
0.917338 0.630832
0.177507 0.338856
0.191603 0.024823
0.927460 0.448207
0.307535 0.598477
0.007314 0.278022
0.703033 0.633770
0.981806 0.620358
0.477506 0.761433
0.903328 0.720696
0.963211 0.782005
0.866801 0.114104
0.732414 0.440089
0.553104 0.654102
0.969815 0.984578
0.288228 0.733753
0.749984 0.346493
0.123870 0.040947
0.777343 0.489700
0.985540 0.464973
0.977917 0.411576
0.793682 0.084819
0.555462 0.802060
0.924702 0.822583
0.036971 0.372702
0.048698 0.109282
0.675306 0.713258
0.773721 0.865457
0.739431 0.800872
0.048964 0.234535
0.621898 0.858125
0.004500 0.514629
0.677287 0.029607
0.401356 0.895635
0.671613 0.237658
0.852781 0.348031
0.853345 0.298944
0.590320 0.396940
0.274825 0.886558
0.187594 0.084812
0.341927 0.717639
0.807432 0.998743
0.296362 0.407942
0.136821 0.574872
0.997580 0.700881
0.595213 0.392369
0.915299 0.496917
0.134367 0.365378
0.067167 0.201979
0.017669 0.453280
0.634540 0.343292
0.420382 0.959209
0.751963 0.540857
0.284541 0.896997
0.235097 0.325343
0.909065 0.529542
0.742318 0.590745
0.653439 0.299383
0.241372 0.322492
0.155442 0.874314
0.283247 0.561489
0.791974 0.783824
0.438386 0.476257
0.994702 0.674597
0.814638 0.902554
0.787590 0.185179
0.562171 0.101894
0.652922 0.955349
0.512732 0.432972
0.035843 0.959775
0.103003 0.041079
0.246067 0.065530
0.455118 0.516088
0.312570 0.050960
0.111600 0.384504
0.060528 0.698190
0.207021 0.302072
0.394126 0.416610
0.001661 0.112070
0.862765 0.001233
0.508167 0.489502
0.333094 0.431327
0.780581 0.841204
0.260349 0.322490
0.242483 0.479863
0.683258 0.228253
0.330736 0.930385
0.048569 0.460770
0.711558 0.150454
0.047374 0.138205
0.918823 0.009260
0.188322 0.031284
0.110629 0.620149
0.241639 0.569212
0.590195 0.849435
0.004741 0.853369
0.619119 0.162743
0.772937 0.855492
0.254263 0.918794
0.454457 0.603424
0.984650 0.361536
0.813159 0.318399
0.799214 0.600734
0.216356 0.414026
0.317636 0.078108
0.029835 0.346479
0.019034 0.165488
0.725183 0.708091
0.738580 0.317153
0.890019 0.593831
0.126026 0.143719
0.693095 0.172944
0.507293 0.991774
0.004008 0.016580
0.993085 0.584639
0.126910 0.897302
0.880380 0.536200
0.621792 0.273187
0.050520 0.594568
0.294755 0.663621
0.836245 0.018161
0.595714 0.231281
0.873888 0.253665
0.610770 0.553541
0.396167 0.677621
0.725770 0.566938
0.758422 0.983417
0.419272 0.514583
0.012470 0.796029
0.520230 0.407961
0.094072 0.889656
0.395007 0.682582
0.149374 0.961550
0.178442 0.199542
0.858983 0.912583
0.212147 0.469801
0.733495 0.878366
0.379053 0.517019
0.741716 0.731136
0.782960 0.569934
0.104615 0.903973
0.865573 0.798097
0.099862 0.204397
0.743600 0.023140
0.979225 0.377145
0.719313 0.887571
0.394630 0.319132
0.608741 0.580989
0.409140 0.601775
0.935381 0.467640
0.196742 0.377206
0.394107 0.131109
0.162872 0.684562
0.339478 0.954898
0.243597 0.098925
0.753505 0.881036
0.278113 0.202088
0.185766 0.522012
0.468417 0.259440
0.045173 0.481491
0.959332 0.652519
0.495507 0.110692
0.252436 0.294774
0.764804 0.876711
0.901642 0.984569
0.982367 0.952999
0.071822 0.137794
0.304467 0.552898
0.096978 0.845797
0.616756 0.542364
0.165311 0.253255
0.160312 0.851933
0.584228 0.735129
0.296033 0.371253
0.404855 0.760015
0.772353 0.206814
0.941539 0.120655
0.896122 0.100396
0.264540 0.846479
0.179492 0.413568
0.449859 0.245259
0.710245 0.851335
0.874575 0.339322
0.530850 0.248406
0.244797 0.161254
0.940019 0.887989
0.777359 0.517662
0.490608 0.529746
0.536568 0.434563
0.131755 0.125664
0.952250 0.482031
0.953206 0.163577
0.554417 0.207717
0.253185 0.030055
0.118953 0.916848
0.321533 0.608129
0.465014 0.400451
0.531886 0.187239
0.988604 0.818308
0.741615 0.468759
0.152877 0.920666
0.341387 0.050107
0.342404 0.794457
0.622709 0.750839
0.793635 0.211955
0.923783 0.437990
0.639014 0.002309
0.993368 0.280896
0.062063 0.458262
0.129030 0.152327
0.632283 0.392927
0.921852 0.319156
0.726180 0.461099
0.659951 0.599695
0.472784 0.950061
0.342714 0.177236
0.678094 0.846008
0.040254 0.449633
0.892488 0.749619
0.991808 0.531414
0.659996 0.302480
0.947536 0.366335
0.738511 0.403140
0.561819 0.719783
0.508934 0.907086
0.419301 0.647072
0.342362 0.408157
0.440050 0.125807
0.091724 0.667490
0.655518 0.662910
0.019766 0.326547
0.197810 0.778151
0.860630 0.246680
0.667849 0.129363
0.275153 0.138654
0.283521 0.674737
0.910327 0.202522
0.542079 0.701391
0.952922 0.610060
0.255107 0.625478
0.320491 0.976128
0.399676 0.685428
0.023228 0.400061
0.875108 0.610227
0.443943 0.935937
0.853984 0.322216
0.544548 0.489824
0.632203 0.334111
0.244205 0.912672
0.923874 0.843323
0.978204 0.744992
0.764667 0.762590
0.480608 0.456452
0.240226 0.644819
0.289320 0.257808
0.585961 0.409982
0.218857 0.816056
0.860570 0.167700
0.007507 0.336130
0.797511 0.839174
0.138329 0.774336
0.115704 0.390063
0.998610 0.192591
0.153964 0.422800
0.619669 0.932901
0.980821 0.069641
0.137998 0.790738
0.270632 0.884849
0.663453 0.111845
0.832529 0.176356
0.423495 0.552185
0.500766 0.686163
0.652687 0.992042
0.999422 0.516459
0.095199 0.727843
0.976664 0.318326
0.461209 0.424777
0.051419 0.672264
0.353338 0.787464
0.832120 0.821231
0.416666 0.321546
0.748821 0.801389
0.491257 0.893031
0.143909 0.879069
0.096095 0.153526
0.533840 0.067518
0.052807 0.000519
0.436317 0.774624
0.034838 0.652258
0.823127 0.168001
0.146864 0.860801
0.823125 0.538942
0.819200 0.092756
0.394482 0.737798
0.257452 0.752329
0.504179 0.750266
0.464680 0.367904
0.219189 0.208379
0.751491 0.118910
0.085982 0.176291
0.175347 0.823108
0.398507 0.990388
0.137211 0.653540
0.448730 0.392918
0.875084 0.975596
0.872859 0.192301
0.220798 0.656074
0.289084 0.734725
0.566421 0.550909
0.828547 0.710533
0.026578 0.049459
0.601558 0.486192
0.260185 0.418656
0.757910 0.826611
0.561223 0.385369
0.270697 0.521918
0.314750 0.564095
0.676652 0.066079
0.001067 0.212277
0.894511 0.646291
0.171960 0.890264
0.469956 0.476092
0.935542 0.059487
0.215178 0.585771
0.195487 0.679527
0.214092 0.099157
0.206985 0.422734
0.176138 0.134692
0.860282 0.320397
0.360759 0.055270
0.357370 0.264807
0.610485 0.205390
0.888365 0.929667
0.099831 0.107403
0.115326 0.619569
0.121969 0.852382
0.754272 0.819809
0.526061 0.996677
0.044175 0.401265
0.323937 0.948645
0.576861 0.806191
0.170341 0.978634
0.498640 0.493672
0.970885 0.380732
0.397525 0.584753
0.128053 0.321086
0.193208 0.103283
0.866145 0.589331
0.358673 0.408669
0.431519 0.633149
0.926769 0.932780
0.391492 0.329262
0.451047 0.567934
0.461818 0.658753
0.554399 0.320716
0.345731 0.378593
0.094640 0.166063
0.723114 0.389097
0.214539 0.562672
0.755540 0.257422
0.826790 0.927505
0.597395 0.668948
0.052576 0.945520
0.392485 0.923900
0.578978 0.004619
0.038542 0.680419
0.562668 0.026532
0.743460 0.852145
0.496417 0.465757
0.005473 0.786650
0.330716 0.878764
0.373061 0.565078
0.270342 0.160588
0.774908 0.496590
0.536488 0.965416
0.963580 0.855642
0.187609 0.594273
0.878147 0.374464
0.101106 0.810963
0.481764 0.564393
0.982144 0.607211
0.424979 0.369984
0.417619 0.118399
0.794751 0.837717
0.284397 0.303797
0.874334 0.023970
0.520457 0.463676
0.690127 0.163392
0.668331 0.376734
0.618715 0.040095
0.461727 0.522251
0.214326 0.139624
0.188474 0.344141
0.096810 0.947320
0.404994 0.808970
0.974417 0.080735
0.651669 0.871409
0.634234 0.429026
0.431076 0.035899
0.534601 0.993543
0.958708 0.040399
0.705797 0.301765
0.902989 0.045115
0.935874 0.837476
0.117504 0.059824
0.834708 0.155758
0.534898 0.915745
0.567448 0.397233
0.445016 0.063117
0.968752 0.310654
0.189363 0.286047
0.964373 0.094286
0.867303 0.707844
0.830019 0.975898
0.842155 0.943382
0.126935 0.795789
0.545676 0.543496
0.898922 0.971804
0.704838 0.482938
0.456404 0.386341
0.361599 0.391507
0.089753 0.077436
0.779870 0.446073
0.930684 0.612221
0.035176 0.157523
0.205820 0.975736
0.218704 0.515756
0.936177 0.977193
0.236360 0.049118
0.153602 0.063328
0.195124 0.568570
0.912449 0.537219
0.625990 0.201867
0.800584 0.617789
0.864137 0.948843
0.347901 0.090579
0.225929 0.437842
0.945694 0.378310
0.770773 0.540477
0.182809 0.320734
0.653192 0.672853
0.434760 0.228646
0.721907 0.168873
0.936670 0.187904
0.107312 0.497648
0.519550 0.508193
0.436667 0.994815
0.486281 0.477947
0.421766 0.066826
0.592957 0.227968
0.637609 0.050833
0.981387 0.469005
0.896755 0.475561
0.060331 0.822214
0.648184 0.781757
0.428170 0.637937
0.856229 0.631065
0.347674 0.662530
0.671854 0.960587
0.370912 0.425082
0.812123 0.505762
0.736573 0.459709
0.215495 0.745204
0.131155 0.198584
0.626825 0.747270
0.894688 0.272586
0.110724 0.956047
0.154423 0.197667
0.291329 0.529391
0.882826 0.760546
0.708158 0.175181
0.357683 0.478405
0.147426 0.273430
0.308333 0.127276
0.550240 0.705028
0.069932 0.481123
0.782211 0.747990
0.815073 0.448241
0.820557 0.240753
0.360811 0.176356
0.467485 0.392060
0.240927 0.751781
0.313847 0.272804
0.130890 0.438822
0.302965 0.369273
0.235997 0.763155
0.930003 0.497932
0.642998 0.867172
0.998830 0.613516
0.889779 0.908608
0.791451 0.460931
0.081154 0.015806
0.477201 0.494315
0.407362 0.568167
0.552163 0.836613
0.108657 0.225178
0.793005 0.847837
0.994824 0.872912
0.889899 0.314348
0.401662 0.268085
0.606299 0.938805
0.344641 0.557002
0.296300 0.169800
0.195186 0.057945
0.949294 0.402880
0.834121 0.681329
0.191921 0.175462
0.811988 0.264712
0.913285 0.140055
0.677709 0.814474
0.235256 0.276207
0.964519 0.264598
0.429957 0.432516
0.253035 0.775791
0.771849 0.378318
0.835126 0.213075
0.004306 0.571167
0.994078 0.038644
0.207998 0.518915
0.809941 0.089042
0.395235 0.747076
0.371543 0.188836
0.195496 0.410049
0.479417 0.861814
0.642252 0.690402
0.982987 0.411843
0.403354 0.923347
0.245876 0.729815
0.754573 0.097788
0.468231 0.200562
0.185375 0.463828
0.289430 0.796060
0.907605 0.802721
0.266031 0.274134
0.254728 0.135038
0.943798 0.402048
0.224689 0.846671
0.399195 0.035117
0.161942 0.639250
0.782905 0.210934
0.917396 0.850997
0.848381 0.227661
0.050536 0.867424
0.305800 0.618916
0.759967 0.128293
0.780838 0.938511
0.728375 0.441223
0.876678 0.527458
0.744771 0.820506
0.749353 0.287855
0.117844 0.238339
0.502875 0.505277
0.582644 0.395102
0.786891 0.913154
0.246725 0.736523
0.677972 0.523090
0.188530 0.795232
0.960626 0.721836
0.917860 0.984185
0.352051 0.638224
0.473933 0.986629
0.093808 0.412375
0.875539 0.284051
0.787793 0.382783
0.979979 0.883530
0.301320 0.770193
0.336857 0.606363
0.658481 0.829595
0.024451 0.220158
0.711918 0.563523
0.495605 0.055210
0.348276 0.865100
0.030893 0.396436
0.945148 0.050881
0.749706 0.257613
0.866609 0.746068
0.885705 0.215925
0.531293 0.779270
0.245700 0.230746
0.027182 0.958515
0.710017 0.635560
0.743995 0.531613
0.476134 0.449532
0.640439 0.201535
0.888059 0.811752
0.349564 0.578609
0.141027 0.972346
0.902893 0.921898
0.332163 0.169135
0.211772 0.090001
0.120111 0.071305
0.989823 0.074058
0.132542 0.827255
0.580240 0.774417
0.630912 0.882175
0.638468 0.522125
0.712750 0.447393
0.346064 0.467652
0.169714 0.796572
0.260704 0.153532
0.246352 0.842070
0.330201 0.686050
0.856410 0.077745
0.765024 0.307665
0.216622 0.688901
0.909797 0.295019
0.568834 0.289834
0.554286 0.621862
0.610335 0.623546
0.135080 0.693540
0.674750 0.682588
0.074071 0.446839
0.409035 0.086711
0.222368 0.440963
0.742906 0.237062
0.829750 0.545798
0.760422 0.472556
0.499194 0.619719
0.927971 0.491813
0.528658 0.601997
0.737515 0.071850
0.515687 0.481592
0.921685 0.493507
0.468321 0.962200
0.450576 0.180884
0.216916 0.095188
0.000568 0.431946
0.769243 0.733466
0.032149 0.569983
0.154283 0.941076
0.167365 0.626639
0.326238 0.641561
0.412259 0.759643
0.230679 0.905792
0.500210 0.756093
0.849730 0.998829
0.223946 0.286892
0.250433 0.262871
0.582445 0.993523
0.990278 0.526773
0.639027 0.859971
0.932933 0.203861
0.528542 0.832837
0.303202 0.439809
0.985621 0.985047
0.906107 0.798448
0.269131 0.320850
0.547283 0.560777
0.505503 0.636670
0.408323 0.749174
0.333550 0.330677
0.127226 0.188712
0.850521 0.446282
0.227868 0.759341
0.553981 0.021156
0.316361 0.177001
0.655873 0.275031
0.064947 0.054935
0.581727 0.021723
0.848792 0.155397
0.606566 0.444688
0.442852 0.071797
0.802752 0.893052
0.011017 0.178604
0.903904 0.549494
0.150040 0.202790
0.659986 0.724817
0.599427 0.953148
0.494064 0.300272
0.477233 0.359666
0.224416 0.045963
0.352212 0.711409
0.018438 0.439179
0.644009 0.610404
0.776648 0.810520
0.711706 0.102798
0.475022 0.603406
0.245566 0.042552
0.223590 0.454894
0.413930 0.176667
0.824416 0.925687
0.201348 0.929573
0.017861 0.924962
0.951929 0.012052
0.763019 0.970202
0.905902 0.970710
0.550324 0.078156
0.849789 0.613828
0.614737 0.417254
0.571842 0.153580
0.739770 0.075017
0.729781 0.848978
0.472469 0.509830
0.312214 0.969459
0.733124 0.368989
0.174807 0.219580
0.463922 0.942568
0.734146 0.215244
0.859561 0.378201
0.851722 0.241700
0.618661 0.926670
0.257894 0.692927
0.987313 0.150598
0.088402 0.674195
0.339736 0.071244
0.475306 0.753771
0.285122 0.335047
0.845699 0.520072
0.842732 0.446389
0.952975 0.650795
0.115899 0.885093
0.489265 0.141639
0.152690 0.687534
0.047373 0.286594
0.139788 0.441077
0.414354 0.521876
0.279636 0.032044
0.614386 0.373718
0.651335 0.108667
0.013777 0.248294
0.456547 0.394072
0.810303 0.377838
0.530441 0.593516
0.021831 0.515133
0.344831 0.421280
0.100287 0.782821
0.942404 0.022269
0.601373 0.763844
0.284808 0.787556
0.632355 0.929163
0.981005 0.042346
0.444938 0.546988
0.146743 0.336286
0.987647 0.016230
0.452508 0.842655
0.323901 0.479799
0.978046 0.474877
0.130921 0.051721
0.945417 0.265809
0.504064 0.090702
0.423655 0.930106
0.502413 0.971135
0.258836 0.504545
0.859531 0.448252
0.279487 0.855475
0.389889 0.530723
0.976527 0.186483
0.301401 0.031070
0.391838 0.200183
0.680035 0.181321
0.674813 0.263475
0.355218 0.348861
0.716752 0.466509
0.361299 0.852623
0.571951 0.213831
0.900091 0.342650
0.038979 0.494600
0.123938 0.238466
0.747111 0.130752
0.806944 0.936907
0.606532 0.710359
0.713587 0.992808
0.341538 0.162857
0.519167 0.533250
0.177912 0.613109
0.014125 0.927668
0.264574 0.039560
0.108249 0.240249
0.273906 0.032810
0.279355 0.192942
0.378621 0.385168
0.339008 0.327924
0.089731 0.025205
0.202114 0.756649
0.990810 0.928526
0.504219 0.531824
0.314582 0.773939
0.764757 0.844272
0.895505 0.434349
0.766876 0.806399
0.308460 0.929242
0.094342 0.994269
0.770091 0.093271
0.656230 0.034179
0.770187 0.799223
0.602410 0.856860
0.097883 0.275924
0.414178 0.042458
0.448216 0.265213
0.392735 0.425103
0.879412 0.270341
0.893743 0.425971
0.327808 0.502512
0.417743 0.257372
0.502679 0.151802
0.351930 0.565790
0.413408 0.823912
0.256722 0.969772
0.784722 0.967593
0.838137 0.142104
0.526460 0.169979
0.818227 0.584162
0.263449 0.929599
0.115186 0.563862
0.721041 0.058849
0.597856 0.815901
0.067527 0.512243
0.258557 0.662924
0.118677 0.937051
0.894729 0.185974
0.323266 0.587635
0.718062 0.442656
0.156291 0.104151
0.999765 0.455352
0.872532 0.482376
0.922358 0.087759
0.114019 0.929632
0.947493 0.314717
0.355165 0.452450
0.416162 0.190045
0.898375 0.253308
0.705272 0.067156
0.038751 0.653730
0.339016 0.655459
0.094021 0.949851
0.748514 0.876267
0.136471 0.320161
0.368344 0.537173
0.296868 0.060631
0.368878 0.254549
0.385921 0.196960
0.261896 0.626952
0.388154 0.345383
0.533906 0.771861
0.378868 0.587519
0.966203 0.521980
0.909798 0.793673
0.058719 0.429099
0.698318 0.986712
0.458376 0.092785
0.562009 0.126564
0.751520 0.507677
0.723431 0.869362
0.628948 0.612439
0.754570 0.842455
0.869054 0.036430
0.556190 0.216269
0.860346 0.648398
0.420222 0.188104
0.339024 0.703778
0.204360 0.093583
0.888029 0.764210
0.199795 0.292312
0.972070 0.708184
0.610522 0.307628
0.299125 0.039524
0.728482 0.043175
0.004857 0.729495
0.948874 0.756503
0.471640 0.486045
0.436136 0.324644
0.521714 0.431151
0.598168 0.898120
0.995009 0.078743
0.384683 0.180706
0.352120 0.287473
0.174537 0.764076
0.496289 0.919246
0.032592 0.066978
0.403274 0.080277
0.262730 0.986030
0.208960 0.198118
0.573641 0.497998
0.580438 0.376735
0.826762 0.138581
0.428393 0.689762
0.868236 0.369572
0.567746 0.069140
0.170319 0.069138
0.727881 0.288060
0.723745 0.066398
0.862548 0.835530
0.088929 0.023757
0.056289 0.853630
0.234703 0.548273
0.426244 0.795526
0.488898 0.500661
0.989092 0.150130
0.830704 0.051750
0.477649 0.886335
0.665214 0.685215
0.263317 0.418575
0.366581 0.521443
0.462228 0.326898
0.305481 0.250853
0.365047 0.149941
0.872104 0.602119
0.133786 0.693859
0.847666 0.237536
0.150601 0.008617
0.047250 0.762251
0.987186 0.044880
0.748071 0.071862
0.592133 0.756075
0.359204 0.010935
0.595189 0.991245
0.257617 0.189491
0.123926 0.555256
0.596445 0.792271
0.753073 0.892541
0.805773 0.247267
0.555877 0.297412
0.329785 0.931944
0.681896 0.974590
0.416913 0.537438
0.487115 0.107287
0.236702 0.527636
0.067374 0.931462
0.123844 0.197981
0.765321 0.096935
0.900278 0.725701
0.068621 0.691847
0.631629 0.757349
0.828198 0.718351
0.586176 0.322463
0.697274 0.956972
0.587522 0.664345
0.437128 0.756121
0.997667 0.160389
0.202405 0.539438
0.481375 0.571570
0.049074 0.404276
0.582978 0.585191
0.657334 0.720216
0.641547 0.790243
0.624761 0.537508
0.606196 0.101193
0.273157 0.527400
0.872987 0.679052
0.090408 0.592275
0.221738 0.734017
0.827441 0.593456
0.591363 0.338591
0.446250 0.864108
0.723320 0.519754
0.368232 0.050380
0.143007 0.193025
0.373384 0.944144
0.505153 0.234840
0.105750 0.338306
0.815731 0.383343
0.772506 0.802705
0.110821 0.608660
0.959096 0.402138
0.050944 0.923303
0.883666 0.522141
0.552253 0.211741
0.819451 0.498600
0.033878 0.683015
0.950496 0.829150
0.277198 0.053325
0.940351 0.937063
0.532415 0.642317
0.462600 0.419765
0.119448 0.096753
0.232732 0.836641
0.145832 0.226699
0.548614 0.215131
0.163207 0.563316
0.368093 0.626159
0.912205 0.150993
0.913434 0.902490
0.829088 0.631286
0.620147 0.639213
0.690496 0.016482
0.958093 0.585604
0.781466 0.377282
0.012397 0.509735
0.507190 0.436989
0.339717 0.249826
0.527545 0.375278
0.969932 0.172927
0.319666 0.293960
0.543309 0.499280
0.643740 0.950002
0.285221 0.692772
0.025040 0.262388
0.463720 0.030995
0.617669 0.678311
0.746732 0.516575
0.603945 0.396065
0.041253 0.099952
0.654996 0.995555
0.015803 0.557583
0.751009 0.826775
0.545205 0.619916
0.696725 0.858966
0.122290 0.926182
0.026017 0.836200
0.076740 0.194628
0.003894 0.445257
0.334359 0.165993
0.451090 0.402371
0.767661 0.893130
0.652567 0.124410
0.295391 0.913318
0.088734 0.406856
0.942505 0.950665
0.411203 0.667397
0.456746 0.753461
0.031581 0.144157
0.614199 0.232552
0.666052 0.351223
0.886646 0.819259
0.492838 0.772895
0.271138 0.494260
0.197482 0.860886
0.823068 0.902150
0.877477 0.959596
0.228336 0.931824
0.571213 0.422495
0.560374 0.342602
0.288553 0.241314
0.082428 0.496565
0.887762 0.630152
0.520976 0.428593
0.464402 0.209277
0.822936 0.198383
0.716623 0.759985
0.574869 0.862926
0.291050 0.881617
0.729410 0.798750
0.664580 0.846343
0.993099 0.420163
0.813916 0.744580
0.452870 0.926949
0.394426 0.565466
0.105942 0.225775
0.840696 0.396553
0.394084 0.245981
0.491610 0.805817
0.895164 0.070114
0.574821 0.467273
0.614282 0.447276
0.398645 0.471881
0.581999 0.500983
0.472144 0.817835
0.745648 0.341378
0.800577 0.853651
0.153492 0.582682
0.285312 0.739172
0.238785 0.671404
0.255125 0.511144
0.948646 0.381308
0.875738 0.986945
0.874851 0.165866
0.819658 0.032149
0.393302 0.870733
0.688752 0.532740
0.387864 0.812297
0.709558 0.468405
0.892484 0.229948
0.170392 0.642804
0.971994 0.247257
0.249670 0.139499
0.860564 0.226398
0.503179 0.990872
0.012141 0.556486
0.512289 0.807447
0.355282 0.410341
0.167938 0.740815
0.784709 0.136663
0.393457 0.892905
0.002707 0.298759
0.555042 0.334094
0.272045 0.460037
0.181523 0.529625
0.706696 0.575295
0.093109 0.844409
0.174978 0.764812
0.360565 0.782761
0.206273 0.186662
0.497026 0.032936
0.225297 0.724012
0.837383 0.080785
0.882078 0.797517
0.869684 0.698429
0.674153 0.525093
0.652787 0.919110
0.100522 0.315764
0.072455 0.944805
0.445265 0.675344
0.841120 0.991000
0.161782 0.799513
0.887423 0.048875
0.754091 0.354725
0.648597 0.514048
0.259742 0.135221
0.116947 0.103323
0.637790 0.351411
0.216633 0.691885
0.686850 0.539168
0.934958 0.385414
0.835863 0.075139
0.739831 0.988447
0.846598 0.579665
0.626766 0.353290
0.679485 0.770395
0.998228 0.492463
0.061304 0.595858
0.119024 0.244765
0.328780 0.731030
0.183808 0.165753
0.044964 0.873240
0.693505 0.039946
0.028292 0.558674
0.282534 0.596726
0.434604 0.923313
0.287809 0.679145
0.054054 0.955861
0.980757 0.739075
0.465212 0.219993
0.812516 0.736354
0.221954 0.451215
0.462799 0.826411
0.683845 0.643168
0.649827 0.270470
0.371711 0.045662
0.786941 0.432998
0.438238 0.245356
0.209427 0.587822
0.232553 0.064209
0.767507 0.376469
0.380236 0.431318
0.815045 0.320837
0.758036 0.939545
0.660868 0.431681
0.747790 0.457897
0.414427 0.525283
0.317722 0.104250
0.414852 0.123857
0.410441 0.556934
0.930711 0.036222
0.621458 0.457735
0.020261 0.249548
0.118485 0.216794
0.274570 0.401306
0.529039 0.000990
0.161869 0.093566
0.549673 0.329075
0.548398 0.221823
0.024229 0.941367
0.108308 0.126859
0.146547 0.981277
0.617660 0.610290
0.986698 0.088439
0.974501 0.204013
0.623072 0.420084
0.383952 0.931243
0.149228 0.997069
0.379125 0.648775
0.967907 0.057601
0.922864 0.567811
0.704397 0.149184
0.533387 0.673514
0.456247 0.154985
0.244119 0.854393
0.034471 0.708862
0.999390 0.007483
0.161046 0.674144
0.059991 0.589790
0.684000 0.588146
0.365185 0.697282
0.594294 0.207637
0.563136 0.881907
0.666833 0.471792
0.321584 0.085886
0.244627 0.011187
0.986626 0.222482
0.814876 0.168645
0.283601 0.418277
0.324406 0.798351
0.957693 0.875294
0.153578 0.776689
0.147947 0.913381
0.517879 0.336381
0.157025 0.011809
0.247947 0.914020
0.797262 0.969794
0.100762 0.592179
0.257150 0.542942
0.320455 0.283466
0.573845 0.183318
0.469133 0.650812
0.128182 0.930594
0.505725 0.819528
0.653905 0.710001
0.716131 0.875100
0.613605 0.278217
0.099510 0.606251
0.066353 0.241293
0.060707 0.548888
0.160338 0.610407
0.790865 0.821881
0.309544 0.548955
0.563011 0.472887
0.655114 0.210087
0.979243 0.098080
0.829221 0.594096
0.244855 0.745675
0.084481 0.774418
0.589985 0.110750
0.079506 0.750836
0.292936 0.889302
0.762073 0.698190
0.278606 0.708945
0.948148 0.091560
0.326163 0.234672
0.393250 0.742333
0.474243 0.570731
0.314155 0.141289
0.266934 0.859680
0.602417 0.377989
0.789906 0.064457
0.253891 0.230103
0.985365 0.706099
0.617786 0.004985
0.184310 0.635541
0.379719 0.924280
0.764724 0.447384
0.749515 0.975404
0.460981 0.642526
0.918665 0.248675
0.886558 0.097545
0.648448 0.782838
0.614606 0.495535
0.617347 0.151664
0.215571 0.269899
0.597779 0.441901
0.244476 0.882809
0.373922 0.446032
0.409701 0.181943
0.731627 0.448458
0.016257 0.964014
0.815764 0.723559
0.869092 0.906807
0.337490 0.610959
0.608808 0.267300
0.221952 0.113907
0.659314 0.780919
0.760953 0.316275
0.205260 0.453614
0.546813 0.919087
0.874823 0.916058
0.850262 0.964581
0.465500 0.047473
0.083562 0.390276
0.257687 0.169941
0.953204 0.195420
0.959379 0.760839
0.640946 0.676019
0.331474 0.646427
0.186692 0.937705
0.301793 0.255187
0.711163 0.656449
0.451299 0.632446
0.159493 0.673328
0.270611 0.272836
0.162180 0.332377
0.331251 0.454179
0.190420 0.193008
0.541739 0.128877
0.688897 0.943947
0.426796 0.901105
0.098317 0.042958
0.721369 0.761022
0.843058 0.056818
0.776907 0.376539
0.303338 0.173024
0.996016 0.063664
0.827008 0.639494
0.735080 0.711717
0.858434 0.183792
0.000825 0.598528
0.353859 0.123787
0.186139 0.331749
0.070233 0.056913
0.916026 0.312103
0.982231 0.964367
0.142571 0.714924
0.600805 0.690647
0.096191 0.188560
0.076639 0.604134
0.986591 0.671985
0.710762 0.984585
0.678012 0.040182
0.867006 0.364678
0.004364 0.507234
0.937015 0.257331
0.491513 0.173777
0.057693 0.080545
0.727011 0.864074
0.143299 0.288319
0.195029 0.026856
0.553431 0.699922
0.647877 0.388054
0.555010 0.094099
0.154304 0.931795
0.761508 0.922739
0.916680 0.649393
0.928239 0.416704
0.003616 0.062571
0.109487 0.095353
0.351702 0.701271
0.790649 0.590213
0.146436 0.747902
0.354802 0.012993
0.280589 0.330601
0.274246 0.811870
0.759926 0.695552
0.139005 0.807834
0.677176 0.194838
0.648094 0.483512
0.439350 0.112123
0.518304 0.099932
0.164253 0.132546
0.954108 0.284865
0.355204 0.322081
0.898250 0.562966
0.919160 0.299925
0.114835 0.556218
0.345537 0.801907
0.879423 0.472574
0.971359 0.553013
0.270920 0.488976
0.037310 0.804001
0.101435 0.308748
0.565317 0.042975
0.079317 0.696116
0.071777 0.477083
0.338696 0.228079
0.188779 0.763411
0.951542 0.140180
0.959681 0.594763
0.641660 0.709926
0.704119 0.819811
0.483469 0.533359
0.323827 0.105258
0.664640 0.033610
0.275635 0.094230
0.190727 0.638731
0.628477 0.421055
0.090172 0.433374
0.352745 0.720459
0.579027 0.491566
0.486982 0.966297
0.756294 0.496980
0.479223 0.026479
0.942509 0.319174
0.255939 0.999409
0.718690 0.047364
0.061885 0.025502
0.599619 0.071565
0.933388 0.936907
0.546054 0.616639
0.291894 0.063973
0.737460 0.101786
0.085558 0.311223
0.012466 0.434036
0.707681 0.801349
0.604307 0.846874
0.406502 0.848772
0.506473 0.223036
0.944146 0.274971
0.026201 0.242674
0.366688 0.351350
0.524668 0.883127
0.292338 0.520771
0.340139 0.821773
0.157602 0.103510
0.502995 0.671888
0.795525 0.589625
0.773850 0.392710
0.032868 0.116099
0.038723 0.328944
0.495491 0.356317
0.560599 0.480609
0.677943 0.666962
0.318064 0.346214
0.585148 0.596432
0.314700 0.330318
0.694045 0.647411
0.135051 0.441042
0.892706 0.036306
0.855164 0.163178
0.507249 0.424336
0.010129 0.915397
0.454925 0.954268
0.286744 0.866276
0.922390 0.556832
0.202678 0.685247
0.548978 0.944530
0.439272 0.268514
0.138287 0.698634
0.974110 0.028344
0.740445 0.926930
0.074782 0.110170
0.691957 0.647963
0.068827 0.834423
0.523424 0.907197
0.877991 0.812508
0.515899 0.251711
0.505976 0.100811
0.658846 0.133977
0.511173 0.054382
0.299512 0.232080
0.620032 0.786787
0.057303 0.850284
0.860768 0.342269
0.659004 0.402613
0.154191 0.528662
0.086360 0.878472
0.924290 0.821613
0.562528 0.557599
0.984607 0.247902
0.075948 0.561941
0.328786 0.322339
0.007085 0.596239
0.264034 0.187859
0.040432 0.364362
0.878969 0.336671
0.679074 0.756547
0.328101 0.821641
0.691880 0.559242
0.000992 0.035091
0.990866 0.782284
0.937565 0.902303
0.020443 0.791847
0.451146 0.789558
0.006716 0.288199
0.751324 0.793021
0.619715 0.301256
0.310363 0.966764
0.439212 0.447126
0.552333 0.409502
0.552672 0.432335
0.826715 0.909051
0.932110 0.564296
0.442149 0.705240
0.838324 0.562982
0.699981 0.749729
0.676394 0.746134
0.208645 0.498375
0.588269 0.002478
0.855963 0.610025
0.129136 0.816357
0.717057 0.758300
0.392042 0.854203
0.414028 0.570509
0.000642 0.644873
0.718176 0.567109
0.496559 0.809936
0.681373 0.278074
0.959073 0.707267
0.987939 0.971261
0.918910 0.755372
0.609429 0.172171
0.543351 0.765377
0.520857 0.868239
0.109656 0.380940
0.505964 0.432325
0.108587 0.153528
0.837617 0.484384
0.048722 0.016491
0.473475 0.164379
0.705126 0.795323
0.228297 0.592177
0.154445 0.303583
0.888795 0.544098
0.885889 0.225248
0.330024 0.470952
0.480080 0.997648
0.114445 0.851965
0.863682 0.553199
0.344037 0.519226
0.292468 0.799107
0.498279 0.925842
0.622691 0.514319
0.711069 0.503933
0.904506 0.184446
0.973349 0.812191
0.860733 0.482908
0.837202 0.306774
0.761948 0.140450
0.307052 0.445733
0.322320 0.387017
0.820105 0.256676
0.745281 0.073712
0.765739 0.792023
0.401699 0.722478
0.915138 0.800713
0.390447 0.484214
0.779358 0.292595
0.803883 0.328071
0.805991 0.086800
0.044397 0.997675
0.869457 0.882848
0.951280 0.438316
0.286836 0.130025
0.501209 0.220048
0.935551 0.004003
0.143197 0.246476
0.198957 0.225778
0.656048 0.327512
0.615024 0.890258
0.602557 0.694533
0.365503 0.159738
0.320584 0.964283
0.621811 0.277511
0.450915 0.835513
0.668444 0.560653
0.885163 0.672440
0.642730 0.189768
0.106389 0.965142
0.598858 0.415683
0.589021 0.061812
0.822127 0.216646
0.804546 0.534378
0.276572 0.030210
0.815833 0.176460
0.051805 0.755878
0.350043 0.389334
0.247068 0.859178
0.297330 0.210193
0.309250 0.203150
0.317655 0.082936
0.158530 0.417053
0.879467 0.057291
0.212675 0.908346
0.890015 0.679451
0.240474 0.419811
0.211221 0.128589
0.379998 0.575822
0.359933 0.610825
0.296255 0.345851
0.790674 0.878315
0.322034 0.571516
0.278162 0.053335
0.737857 0.171003
0.425713 0.487045
0.184472 0.094555
0.348013 0.952286
0.615136 0.381410
0.038911 0.600273
0.092258 0.542544
0.751951 0.423585
0.299411 0.047384
0.024778 0.430027
0.883345 0.244063
0.574056 0.684306
0.060830 0.153100
0.331277 0.670093
0.439035 0.734195
0.867598 0.758372
0.992247 0.754361
0.852179 0.832366
0.730266 0.801802
0.934683 0.475207
0.638287 0.514940
0.851037 0.431360
0.819727 0.799355
0.961886 0.248921
0.709620 0.756919
0.936278 0.906902
0.573526 0.579153
0.167291 0.974963
0.255017 0.724736
0.795795 0.441216
0.211194 0.188960
0.856496 0.510756
0.090137 0.717019
0.250171 0.876395
0.309572 0.200271
0.084858 0.511531
0.450738 0.751312
0.464603 0.343816
0.261655 0.278147
0.927848 0.165079
0.988176 0.326919
0.088390 0.248690
0.058414 0.790030
0.512553 0.336987
0.662050 0.630647
0.939872 0.961261
0.680684 0.817816
0.792425 0.491304
0.704458 0.078259
0.758021 0.961833
0.084975 0.836116
0.932980 0.226189
0.524811 0.927858
0.960226 0.127882
0.349004 0.698145
0.221558 0.324771
0.023291 0.153522
0.562329 0.653090
0.648912 0.778360
0.415281 0.273491
0.015581 0.206630
0.312388 0.178207
0.020144 0.157448
0.666100 0.629585
0.935684 0.798168
0.567756 0.137556
0.564072 0.061595
0.430885 0.390259
0.427814 0.279826
0.685830 0.840944
0.768517 0.627752
0.538345 0.031084
0.722934 0.544983
0.270741 0.327842
0.935607 0.624362
0.475912 0.620922
0.413742 0.470182
0.290309 0.439853
0.685592 0.039942
0.795027 0.282980
0.682560 0.642725
0.652628 0.608129
0.959102 0.508344
0.732319 0.705449
0.236268 0.283306
0.424017 0.277698
0.366743 0.390961
0.603865 0.219890
0.804292 0.437536
0.706244 0.081442
0.469965 0.028220
0.675910 0.343710
0.949253 0.324124
0.563806 0.257388
0.620113 0.467042
0.370628 0.203689
0.111521 0.119879
0.999040 0.412311
0.001930 0.952929
0.019980 0.418586
0.717478 0.914599
0.712886 0.463626
0.974442 0.039319
0.986892 0.849392
0.928930 0.254772
0.142458 0.663315
0.515859 0.523168
0.924619 0.620081
0.311064 0.400067
0.133496 0.192314
0.143350 0.810291
0.704873 0.530345
0.374368 0.668494
0.812905 0.881233
0.547016 0.819885
0.511306 0.474530
0.865432 0.386374
0.395913 0.304911
0.518702 0.544850
0.660461 0.430502
0.217837 0.866842
0.346001 0.922943
0.207353 0.560057
0.536615 0.828648
0.138851 0.909937
0.531428 0.586109
0.510166 0.036025
0.497091 0.263550
0.342688 0.649102
0.497697 0.093218
0.073041 0.185658
0.190885 0.608301
0.177814 0.881719
0.209761 0.091131
0.875746 0.295328
0.425423 0.959026
0.944369 0.714917
0.068939 0.593340
0.989078 0.946916
0.106002 0.395967
0.315537 0.129728
0.694798 0.273848
0.344866 0.090359
0.497968 0.158168
0.432090 0.143342
0.953850 0.144983
0.521887 0.196980
0.076362 0.202309
0.054774 0.139397
0.493484 0.651816
0.087340 0.441019
0.581247 0.234226
0.372078 0.071835
0.220131 0.466753
0.990442 0.996265
0.979622 0.423086
0.080680 0.323573
0.237714 0.014127
0.095234 0.453192
0.339662 0.180354
0.716100 0.357116
0.851868 0.240977
0.538393 0.184139
0.495301 0.152467
0.161579 0.612223
0.263786 0.172367
0.929768 0.043003
0.565148 0.548264
0.250609 0.452772
0.087738 0.721270
0.221697 0.193385
0.314878 0.902370
0.796467 0.946892
0.651962 0.662922
0.480031 0.905186
0.510877 0.355060
0.640375 0.546139
0.124020 0.392725
0.313325 0.846834
0.378843 0.821555
0.442390 0.753501
0.135282 0.924650
0.480560 0.259798
0.241490 0.265077
0.366724 0.717520
0.949603 0.669037
0.547166 0.448598
0.828194 0.849657
0.293038 0.953420
0.395115 0.800078
0.966820 0.703658
0.161551 0.586137
0.118777 0.789142
0.281315 0.695215
0.910090 0.181010
0.392858 0.647119
0.419659 0.174819
0.029072 0.406598
0.649209 0.573984
0.156241 0.450693
0.369471 0.274202
0.729271 0.309652
0.540142 0.923224
0.539276 0.617023
0.073246 0.178134
0.100951 0.764813
0.835921 0.186455
0.219272 0.323207
0.591078 0.621796
0.686754 0.905193
0.295040 0.658759
0.559723 0.305837
0.907415 0.095483
0.712001 0.727874
0.915327 0.518581
0.321622 0.827741
0.770810 0.500316
0.767857 0.267876
0.589506 0.865183
0.317985 0.483550
0.951045 0.798212
0.887039 0.385247
0.996505 0.152566
0.518771 0.479273
0.798432 0.908618
0.731139 0.626816
0.427429 0.510326
0.509300 0.020368
0.503046 0.855971
0.709274 0.795709
0.390485 0.528973
0.033484 0.382998
0.474416 0.255209
0.031241 0.690408
0.435088 0.415678
0.249987 0.537830
0.438027 0.473984
0.580871 0.006325
0.907696 0.071087
0.450925 0.207373
0.523782 0.280230
0.860006 0.396360
0.638756 0.248880
0.019406 0.404155
0.536486 0.459547
0.962014 0.706839
0.995670 0.295060
0.789053 0.555558
0.611760 0.985853
0.653987 0.898817
0.725750 0.127386
0.699424 0.484316
0.918798 0.806834
0.104135 0.133916
0.069611 0.493245
0.080772 0.723678
0.552359 0.835885
0.279796 0.519141
0.117480 0.884610
0.175005 0.102362
0.205051 0.806231
0.105815 0.614427
0.746181 0.751081
0.190061 0.061624
0.448806 0.202485
0.699271 0.356693
0.449354 0.113485
0.567550 0.185524
0.678986 0.071169
0.975895 0.684527
0.181730 0.014095
0.334463 0.152813
0.218411 0.872750
0.603205 0.176458
0.556659 0.255781
0.976201 0.032757
0.732318 0.772997
0.067163 0.171869
0.384307 0.868155
0.537000 0.655307
0.783013 0.828123
0.476285 0.508793
0.718006 0.263342
0.854490 0.020787
0.195772 0.800200
0.340258 0.149833
0.186755 0.530756
0.846182 0.070651
0.030481 0.465168
0.956187 0.279010
0.959171 0.887681
0.283135 0.816948
0.685867 0.511822
0.422916 0.815503
0.793079 0.756936
0.998256 0.478512
0.806923 0.862478
0.211603 0.042066
0.404748 0.856737
0.289103 0.700010
0.007348 0.355364
0.615517 0.129757
0.896607 0.156274
0.909794 0.216389
0.994279 0.604749
0.084345 0.065277
0.074922 0.589893
0.809579 0.402963
0.444836 0.589288
0.533041 0.688062
0.471786 0.713861
0.997311 0.350298
0.012215 0.125625
0.553514 0.344258
0.939983 0.627446
0.520355 0.798040
0.258590 0.819739
0.003061 0.619677
0.934757 0.787860
0.853634 0.396955
0.824239 0.550832
0.618540 0.058915
0.201552 0.550964
0.058801 0.741447
0.840057 0.920362
0.101768 0.939720
0.067620 0.474056
0.840251 0.070311
0.018231 0.024948
0.511270 0.811597
0.127427 0.124610
0.568547 0.234296
0.730214 0.949635
0.766033 0.877175
0.519586 0.832319
0.182903 0.068348
0.655953 0.051953
0.892481 0.691554
0.952201 0.313887
0.486158 0.741690
0.242779 0.541849
0.659467 0.978809
0.744703 0.118131
0.475333 0.588771
0.146623 0.431966
0.284006 0.118828
0.512042 0.165633
0.590537 0.169697
0.723595 0.195242
0.896285 0.026209
0.521997 0.320105
0.225077 0.471603
0.842020 0.915277
0.303249 0.154244
0.720140 0.581999
0.201016 0.760296
0.518930 0.653395
0.359339 0.439098
0.180342 0.756516
0.157011 0.778303
0.798008 0.746601
0.019423 0.273133
0.468338 0.595544
0.919222 0.375606
0.875023 0.163429
0.371280 0.052282
0.742489 0.150653
0.257020 0.775233
0.534717 0.013973
0.002235 0.510661
0.304956 0.180311
0.613594 0.228436
0.592207 0.379266
0.186746 0.138105
0.236861 0.029832
0.308127 0.901955
0.831362 0.372004
0.575834 0.567361
0.828738 0.236290
0.296387 0.301785
0.040870 0.314688
0.877914 0.911988
0.109635 0.458059
0.381349 0.489359
0.554720 0.020259
0.842242 0.973664
0.653405 0.660452
0.527980 0.334273
0.148978 0.584063
0.044941 0.824503
0.420912 0.414754
0.327171 0.969354
0.174917 0.151308
0.165532 0.658527
0.991895 0.235475
0.905617 0.278617
0.647900 0.040499
0.495654 0.654570
0.536320 0.237835
0.828497 0.970137
0.459196 0.635919
0.790413 0.241489
0.864450 0.280201
0.775831 0.112099
0.288387 0.533620
0.524922 0.850431
0.996127 0.107211
0.271388 0.357598
0.478918 0.493910
0.856195 0.770559
0.018852 0.455022
0.618074 0.460396
0.130645 0.397474
0.411656 0.187716
0.756307 0.321401
0.588987 0.515730
0.877427 0.122015
0.114263 0.300320
0.431215 0.298542
0.763187 0.245266
0.084775 0.413800
0.773379 0.850562
0.733345 0.557887
0.724192 0.681390
0.234367 0.550759
0.770609 0.317121
0.653973 0.481480
0.503159 0.090055
0.666217 0.865687
0.141431 0.366106
0.048667 0.029632
0.989658 0.493472
0.355519 0.274877
0.980013 0.252251
0.725708 0.283758
0.070490 0.683277
0.001631 0.675749
0.250377 0.746104
0.769750 0.724107
0.024483 0.703737
0.990146 0.242625
0.274239 0.813527
0.160397 0.660584
0.755026 0.037161
0.553762 0.575877
0.303443 0.876345
0.162750 0.364195
0.848669 0.190643
0.821374 0.079069
0.489229 0.075331
0.677904 0.790601
0.849859 0.981262
0.672016 0.769062
0.505758 0.912737
0.643758 0.883551
0.235452 0.496738
0.729819 0.202722
0.211340 0.978043
0.434610 0.181815
0.331464 0.397376
0.623085 0.923015
0.986590 0.651699
0.699922 0.321829
0.857159 0.217798
0.106381 0.973256
0.864139 0.303645
0.675171 0.467018
0.323128 0.286774
0.136027 0.549318
0.446597 0.512186
0.215357 0.938611
0.638591 0.899601
0.109271 0.622851
0.849462 0.330921
0.195143 0.265021
0.272934 0.447199
0.325964 0.271274
0.648512 0.053032
0.340364 0.689752
0.175850 0.220928
0.200667 0.000926
0.473768 0.038959
0.272940 0.994803
0.918396 0.215076
0.310002 0.463705
0.844414 0.802646
0.126241 0.124449
0.416732 0.870095
0.882085 0.107366
0.574297 0.155675
0.686129 0.916433
0.454769 0.083083
0.579254 0.408517
0.810899 0.340344
0.874897 0.273700
0.157518 0.306480
0.034916 0.281246
0.660118 0.142283
0.111365 0.132385
0.077552 0.874635
0.944115 0.046561
0.760072 0.737152
0.996909 0.347871
0.285509 0.453082
0.856575 0.728594
0.471624 0.244563
0.727016 0.854527
0.399951 0.668585
0.400212 0.478493
0.524910 0.775726
0.977506 0.444366
0.342315 0.373591
0.133889 0.296939
0.086447 0.427894
0.167357 0.346407
0.793578 0.245928
0.611895 0.901181
0.566929 0.193793
0.344766 0.590369
0.506611 0.148620
0.446796 0.543067
0.267333 0.612446
0.070160 0.336607
0.804277 0.259285
0.605177 0.410030
0.316460 0.916132
0.343262 0.236676
0.909301 0.745944
0.681800 0.049535
0.131205 0.638340
0.209433 0.225638
0.779139 0.285925
0.071587 0.036432
0.443178 0.617129
0.868885 0.110804
0.196673 0.529801
0.364108 0.482537
0.924125 0.544892
0.415121 0.989440
0.065216 0.932113
0.501662 0.503756
0.921964 0.507324
0.438407 0.272489
0.658817 0.569645
0.214345 0.709413
0.644087 0.397334
0.004401 0.446581
0.006058 0.074998
0.430610 0.081920
0.275665 0.655491
0.308615 0.997649
0.916302 0.585310
0.966947 0.868017
0.318899 0.749596
0.136832 0.684551
0.491082 0.016826
0.274230 0.955382
0.315831 0.181454
0.187531 0.479213
0.842649 0.758002
0.436852 0.208727
0.046065 0.462630
0.814775 0.729682
0.408601 0.594703
0.436247 0.579016
0.517505 0.680967
0.507709 0.940611
0.428028 0.015916
0.236374 0.500607
0.540572 0.552385
0.714552 0.274648
0.664904 0.704032
0.411281 0.402169
0.178925 0.413987
0.786816 0.908973
0.593613 0.299370
0.682290 0.740146
0.332213 0.826548
0.073696 0.010754
0.122971 0.156008
0.878929 0.424982
0.274932 0.429075
0.394841 0.301462
0.137900 0.655915
0.136604 0.775424
0.201688 0.731371
0.805586 0.125326
0.086746 0.949573
0.463047 0.630235
0.023260 0.278710
0.505398 0.886218
0.271439 0.775191
0.662213 0.115271
0.293375 0.237864
0.442528 0.635334
0.433420 0.244537
0.695879 0.584471
0.519314 0.554420
0.221901 0.680431
0.387501 0.363468
0.149734 0.596837
0.602664 0.340301
0.859850 0.845458
0.109054 0.695038
0.393835 0.999715
0.225024 0.280524
0.442106 0.268715
0.691993 0.480908
0.220879 0.506374
0.888788 0.792396
0.498829 0.288493
0.179886 0.878383
0.710167 0.572163
0.879435 0.121690
0.682489 0.216712
0.120577 0.465609
0.387393 0.941174
0.323980 0.814902
0.748827 0.667924
0.920400 0.407925
0.389671 0.160947
0.275762 0.879776
0.474382 0.341353
0.216112 0.484960
0.716665 0.286692
0.757717 0.629788
0.787563 0.250910
0.631028 0.153735
0.363797 0.724360
0.631668 0.187861
0.858343 0.053351
0.595216 0.983821
0.531505 0.800672
0.595181 0.783088
0.655594 0.691132
0.227811 0.741821
0.237910 0.980640
0.227787 0.236684
0.858673 0.242986
0.360903 0.714640
0.158749 0.159072
0.486358 0.243697
0.235658 0.009239
0.370450 0.318251
0.031156 0.621233
0.626655 0.070800
0.317042 0.872806
0.582167 0.411975
0.465102 0.208280
0.811882 0.914005
0.910664 0.223934
0.310740 0.160623
0.307201 0.332805
0.633106 0.189646
0.919397 0.103099
0.006878 0.854945
0.703770 0.355360
0.595500 0.223544
0.168390 0.471149
0.353188 0.615230
0.218149 0.662928
0.766862 0.166636
0.043858 0.439587
0.774024 0.650780
0.701882 0.402839
0.234946 0.531779
0.204366 0.726229
0.196966 0.291263
0.506545 0.486710
0.600849 0.437445
0.919473 0.839934
0.879113 0.629517
0.635008 0.609199
0.434884 0.322106
0.592003 0.025532
0.007456 0.851642
0.046424 0.524795
0.614988 0.198171
0.895731 0.190096
0.884515 0.762990
0.240743 0.150744
0.316233 0.397951
0.245785 0.998892
0.229652 0.830635
0.159118 0.980245
0.225523 0.421689
0.558564 0.120286
0.816820 0.274686
0.549270 0.549634
0.602641 0.055486
0.168619 0.161192
0.302051 0.144914
0.921921 0.512954
0.623575 0.357488
0.276246 0.503177
0.294323 0.343646
0.452751 0.505734
0.984314 0.223323
0.487976 0.149512
0.349999 0.717311
0.174462 0.581351
0.416701 0.051580
0.933075 0.413603
0.783927 0.416313
0.937360 0.290470
0.412231 0.758864
0.343667 0.364357
0.994823 0.555615
0.689380 0.643462
0.827924 0.861825
0.563256 0.294556
0.022800 0.614403
0.825469 0.450540
0.164706 0.288082
0.509989 0.836681
0.171753 0.612150
0.753369 0.936048
0.116704 0.926392
0.601468 0.766702
0.053775 0.506148
0.622630 0.306834
0.431650 0.554298
0.552548 0.041862
0.439482 0.213818
0.916695 0.976580
0.299647 0.175185
0.219504 0.477752
0.874506 0.500036
0.055392 0.039886
0.227391 0.842771
0.621481 0.562958
0.318970 0.929425
0.331178 0.834944
0.895904 0.483335
0.894289 0.276803
0.658433 0.087964
0.473934 0.217332
0.062763 0.003726
0.324752 0.589531
0.455230 0.301769
0.991200 0.939525
0.125653 0.415107
0.648847 0.733491
0.366372 0.746282
0.124150 0.331813
0.716433 0.625683
0.837210 0.046857
0.174392 0.048495
0.192114 0.004283
0.504210 0.528314
0.657892 0.384912
0.003208 0.673891
0.054291 0.866170
0.022654 0.530475
0.894918 0.572490
0.608417 0.681611
0.122409 0.674927
0.880355 0.974221
0.443052 0.344505
0.753310 0.542874
0.257305 0.172158
0.170230 0.459177
0.170124 0.019719
0.052089 0.929885
0.072961 0.073181
0.451188 0.245100
0.962694 0.910986
0.404743 0.448732
0.375114 0.037866
0.292847 0.122673
0.102370 0.560862
0.098765 0.102931
0.480514 0.442282
0.137635 0.004449
0.192974 0.235892
0.800248 0.915438
0.405944 0.405027
0.712481 0.626922
0.184140 0.107689
0.437612 0.564828
0.138708 0.293273
0.305943 0.261298
0.460761 0.653064
0.509390 0.201457
0.102939 0.821870
0.479305 0.062139
0.258121 0.804034
0.751726 0.875817
0.602088 0.422906
0.426635 0.194000
0.650799 0.585069
0.154864 0.885663
0.368468 0.049739
0.327881 0.869857
0.916957 0.490398
0.956340 0.875242
0.825231 0.859710
0.381875 0.756469
0.577339 0.719684
0.177786 0.731394
0.957592 0.302663
0.986161 0.378376
0.199723 0.112286
0.784962 0.554825
0.307131 0.608450
0.332101 0.448358
0.862664 0.668166
0.762402 0.583494
0.991398 0.241410
0.262291 0.092559
0.554020 0.613359
0.725962 0.335446
0.012257 0.632230
0.998695 0.294549
0.183934 0.281767
0.425415 0.250913
0.346960 0.638207
0.345028 0.396059
0.040031 0.917943
0.406886 0.328144
0.086484 0.634183
0.863825 0.041153
0.145272 0.146390
0.602275 0.921231
0.437768 0.343806
0.765841 0.742569
0.246756 0.160826
0.357810 0.775603
0.695063 0.665854
0.829429 0.277130
0.339684 0.042339
0.868746 0.582430
0.298122 0.069417
0.723410 0.748738
0.666179 0.203781
0.913216 0.753158
0.657756 0.650944
0.904358 0.928307
0.595637 0.416669
0.363734 0.819079
0.644605 0.077266
0.142186 0.900186
0.884498 0.951832
0.427851 0.784061
0.828225 0.315697
0.145338 0.997026
0.030219 0.597336
0.650212 0.681789
0.255628 0.721579
0.216400 0.829038
0.219117 0.696706
0.783413 0.188946
0.237986 0.779104
0.085999 0.190761
0.455531 0.930182
0.561878 0.387678
0.978370 0.463711
0.433735 0.411644
0.312180 0.325695
0.687837 0.040836
0.681817 0.201204
0.384208 0.146539
0.552751 0.729350
0.354656 0.163417
0.226506 0.818113
0.267649 0.774703
0.331199 0.188733
0.727309 0.468545
0.031277 0.959942
0.147753 0.353407
0.384795 0.489430
0.785444 0.006090
0.932472 0.645989
0.950649 0.817390
0.927838 0.601001
0.357309 0.442914
0.658032 0.426932
0.731673 0.091848
0.829987 0.204189
0.943948 0.155546
0.129164 0.811876
0.818702 0.738759
0.960530 0.270540
0.826649 0.352041
0.537399 0.445600
0.005850 0.574462
0.747506 0.174552
0.931656 0.530400
0.178246 0.645948
0.191923 0.063533
0.685315 0.110695
0.106217 0.739944
0.055202 0.809769
0.796149 0.141393
0.518381 0.096625
0.632571 0.062930
0.944481 0.207731
0.682895 0.128291
0.209596 0.450950
0.573096 0.998863
0.025926 0.000314
0.350367 0.366156
0.883837 0.912583
0.880525 0.143179
0.412105 0.745885
0.312611 0.663238
0.237143 0.323419
0.860430 0.250509
0.964324 0.306260
0.023528 0.254901
0.171205 0.506827
0.112716 0.626049
0.874899 0.362519
0.168493 0.400025
0.785967 0.591488
0.101143 0.537187
0.468085 0.327112
0.110161 0.981112
0.176043 0.192743
0.145583 0.570193
0.443670 0.249557
0.429423 0.673522
0.281701 0.915246
0.306346 0.198179
0.954568 0.810561
0.343138 0.841432
0.518814 0.346752
0.839612 0.752165
0.297875 0.606679
0.369390 0.001052
0.961816 0.549629
0.598433 0.599891
0.550641 0.290048
0.971576 0.621668
0.670921 0.454793
0.287861 0.064349
0.350230 0.176097
0.662088 0.879004
0.302755 0.332883
0.670365 0.149271
0.929437 0.363847
0.101199 0.174684
0.932746 0.247119
0.662269 0.156165
0.194102 0.879238
0.148033 0.018751
0.501233 0.862727
0.325991 0.128162
0.982231 0.676739
0.850691 0.752138
0.698242 0.384564
0.324340 0.716959
0.716713 0.950588
0.568660 0.294621
0.489529 0.613714
0.426730 0.791133
0.584613 0.009436
0.569840 0.633604
0.915261 0.413722
0.574468 0.474997
0.531656 0.067304
0.897284 0.910412
0.548060 0.556556
0.057556 0.597951
0.429152 0.709044
0.047125 0.710888
0.286894 0.651705
0.627126 0.226841
0.440452 0.835633
0.605592 0.068738
0.442909 0.311771
0.641646 0.614564
0.010398 0.607696
0.734850 0.768730
0.058976 0.303658
0.421274 0.179772
0.420734 0.071130
0.113217 0.668695
0.262572 0.711406
0.048109 0.562703
0.391449 0.796971
0.783952 0.375560
0.622714 0.227549
0.580407 0.081265
0.434604 0.182728
0.883381 0.444901
0.590774 0.360382
0.288741 0.202920
0.911872 0.799466
0.133261 0.746725
0.418531 0.015397
0.528367 0.130046
0.209934 0.696041
0.257142 0.891888
0.657170 0.832283
0.615190 0.868850
0.361685 0.549141
0.515890 0.903791
0.164915 0.578061
0.754431 0.370050
0.867582 0.373015
0.173309 0.584048
0.420568 0.015190
0.069839 0.195277
0.769330 0.892040
0.545641 0.105565
0.534419 0.855605
0.749478 0.291098
0.123891 0.900682
0.854089 0.053715
0.823674 0.097213
0.063284 0.758601
0.536311 0.414548
0.903862 0.839304
0.057623 0.616087
0.772267 0.550491
0.983005 0.686048
0.104143 0.198298
0.826246 0.996757
0.098339 0.100329
0.763387 0.064354
0.068560 0.888816
0.800450 0.881563
0.650513 0.322536
0.906313 0.298724
0.275511 0.886400
0.680823 0.895672
0.155901 0.952297
0.612742 0.668035
0.914061 0.380753
0.719575 0.640341
0.787753 0.896943
0.680061 0.067640
0.183140 0.953978
0.968650 0.967413
0.036799 0.382448
0.759673 0.752886
0.085909 0.609489
0.142870 0.493209
0.239686 0.053161
0.080019 0.910893
0.744646 0.931824
0.469990 0.413292
0.358407 0.616307
0.351559 0.746273
0.801317 0.875845
0.242801 0.527022
0.223445 0.037556
0.707825 0.548981
0.723927 0.087623
0.995526 0.994349
0.465000 0.866059
0.243569 0.737566
0.879226 0.814666
0.811774 0.463027
0.819990 0.690705
0.132451 0.114184
0.771922 0.625464
0.519376 0.907262
0.659590 0.396147
0.413932 0.605244
0.760275 0.564353
0.508761 0.726901
0.705265 0.830347
0.062552 0.754952
0.513760 0.074693
0.679010 0.716540
0.523627 0.793799
0.300248 0.201907
0.350734 0.410051
0.695934 0.845520
0.720918 0.173988
0.366217 0.158414
0.686724 0.248172
0.525387 0.791830
0.670939 0.298374
0.332867 0.653364
0.549468 0.096393
0.873992 0.512613
0.473361 0.198439
0.376994 0.332825
0.270736 0.567407
0.462275 0.889198
0.941344 0.219473
0.100105 0.785338
0.994861 0.863600
0.023697 0.251264
0.043342 0.820779
0.581407 0.513719
0.554450 0.252451
0.601638 0.030667
0.646012 0.734434
0.673026 0.332118
0.826263 0.715544
0.128297 0.195144
0.637108 0.289416
0.119433 0.154969
0.165617 0.477791
0.607385 0.176402
0.712497 0.281013
0.311558 0.223499
0.785206 0.959814
0.492500 0.042031
0.260569 0.158050
0.842762 0.084854
0.966476 0.588514
0.517740 0.847351
0.027548 0.777153
0.116604 0.840778
0.529176 0.061129
0.833245 0.027314
0.138371 0.797825
0.464871 0.881389
0.635429 0.623529
0.292235 0.133681
0.961172 0.104798
0.529011 0.272569
0.264141 0.594586
0.797934 0.777179
0.868802 0.292903
0.465751 0.009335
0.746858 0.302343
0.561494 0.169300
0.819400 0.817272
0.877453 0.045937
0.992459 0.247779
0.309434 0.249336
0.267533 0.552661
0.239811 0.393771
0.655607 0.836026
0.692742 0.594323
0.147729 0.816116
0.037275 0.264192
0.057059 0.667429
0.368371 0.652048
0.347031 0.455741
0.457961 0.045581
0.430227 0.641064
0.546052 0.075284
0.668056 0.308863
0.014435 0.155596
0.497560 0.310402
0.694383 0.240653
0.772796 0.286477
0.620864 0.799216
0.385556 0.046805
0.535446 0.995409
0.968992 0.221022
0.755697 0.344952
0.160272 0.665915
0.500869 0.539231
0.827393 0.336544
0.667095 0.366191
0.042724 0.378015
0.950034 0.483262
0.108230 0.687827
0.963379 0.907945
0.571961 0.376281
0.580678 0.815931
0.861237 0.818844
0.455476 0.118858
0.569173 0.156429
0.060958 0.498668
0.655373 0.854147
0.782836 0.857241
0.760069 0.703239
0.010138 0.626102
0.120482 0.058667
0.156412 0.823292
0.743849 0.948772
0.978976 0.893284
0.132926 0.878383
0.838637 0.871086
0.151686 0.116792
0.923809 0.173827
0.368622 0.455985
0.124443 0.020634
0.994090 0.876657
0.912338 0.284563
0.220102 0.425867
0.453319 0.005599
0.779253 0.996667
0.528691 0.388259
0.392752 0.096077
0.266162 0.502133
0.431848 0.545035
0.849066 0.225242
0.027664 0.038225
0.134169 0.570483
0.808185 0.886806
0.635113 0.403143
0.154515 0.401418
0.332415 0.870026
0.486719 0.226196
0.288801 0.136470
0.918585 0.050346
0.012846 0.182989
0.810874 0.523467
0.625843 0.357732
0.068678 0.856158
0.191894 0.033059
0.572704 0.083289
0.095762 0.800377
0.491610 0.241508
0.348626 0.729241
0.066354 0.116481
0.616262 0.606972
0.972462 0.374549
0.065078 0.537537
0.638347 0.139603
0.552862 0.197767
0.844730 0.835161
0.429629 0.966743
0.979774 0.129251
0.367714 0.600321
0.084838 0.382656
0.261172 0.952050
0.411586 0.762671
0.386705 0.131812
0.863152 0.000417
0.055941 0.364384
0.686898 0.341704
0.066313 0.317840
0.244981 0.005420
0.534802 0.116646
0.287496 0.641190
0.725116 0.263456
0.329194 0.246909
0.956889 0.190520
0.183181 0.445035
0.189306 0.156708
0.095880 0.640171
0.612082 0.650163
0.773300 0.326358
0.918424 0.733205
0.804709 0.720962
0.358456 0.283032
0.422517 0.097030
0.451281 0.043141
0.003946 0.931499
0.689337 0.561847
0.341102 0.570538
0.891576 0.652380
0.602482 0.460205
0.345697 0.698547
0.980981 0.424758
0.392205 0.428113
0.425544 0.990625
0.706778 0.359184
0.371502 0.430797
0.036712 0.527816
0.811381 0.660568
0.198421 0.728034
0.719459 0.262539
0.622875 0.610949
0.839788 0.136072
0.194839 0.485970
0.044145 0.415594
0.788219 0.148714
0.459949 0.989769
0.505920 0.498324
0.558794 0.186004
0.147164 0.677355
0.395767 0.289907
0.031392 0.846050
0.032329 0.749983
0.381989 0.598688
0.247678 0.155400
0.533388 0.695618
0.195493 0.436359
0.444655 0.215979
0.565049 0.145936
0.509749 0.113432
0.485542 0.311599
0.452246 0.433749
0.907933 0.489936
0.818499 0.225652
0.352083 0.075089
0.420748 0.668700
0.838167 0.565915
0.640073 0.177267
0.037206 0.791688
0.167038 0.091170
0.937562 0.963521
0.616257 0.378637
0.833240 0.204720
0.429392 0.357017
0.912700 0.919777
0.650886 0.110740
0.482193 0.245328
0.884916 0.138403
0.054310 0.704429
0.453286 0.838365
0.074630 0.801076
0.037335 0.028070
0.461316 0.221291
0.593719 0.025817
0.035390 0.727148
0.210165 0.656417
0.749922 0.059331
0.769754 0.268421
0.389546 0.086639
0.838630 0.560729
0.504665 0.968555
0.334506 0.890779
0.719688 0.928528
0.907802 0.991030
0.131677 0.796016
0.804494 0.644374
0.278861 0.965148
0.204422 0.499575
0.521487 0.161829
0.722529 0.088867
0.693098 0.848615
0.349396 0.709421
0.156774 0.845949
0.952032 0.152694
0.691859 0.505831
0.531499 0.706490
0.488740 0.600326
0.230901 0.378507
0.865240 0.109903
0.597575 0.184287
0.846540 0.579044
0.403049 0.249825
0.436845 0.957612
0.509209 0.469490
0.746274 0.379047
0.427424 0.336948
0.150920 0.713809
0.873031 0.905593
0.880803 0.451784
0.284066 0.637924
0.954705 0.727051
0.494849 0.688809
0.772538 0.919269
0.763216 0.433191
0.273607 0.499882
0.328178 0.942765
0.507966 0.472056
0.348196 0.639407
0.520051 0.129049
0.869208 0.359013
0.432578 0.205667
0.553398 0.702055
0.881165 0.051608
0.973332 0.703818
0.284299 0.204475
0.296088 0.875726
0.291390 0.462821
0.705738 0.871990
0.658571 0.753109
0.173327 0.877408
0.275719 0.128378
0.976244 0.201640
0.136652 0.626021
0.318863 0.133349
0.601121 0.758985
0.793198 0.155513
0.556867 0.813678
0.161087 0.207682
0.002411 0.524634
0.194682 0.724243
0.962214 0.208755
0.649097 0.211834
0.018007 0.758554
0.434005 0.946787
0.534286 0.157483
0.449774 0.202892
0.878029 0.690903
0.341239 0.527820
0.669480 0.782858
0.080147 0.022519
0.114453 0.394996
0.466707 0.136462
0.411153 0.441623
0.109090 0.916660
0.599146 0.388536
0.506907 0.314197
0.854331 0.575015
0.494896 0.910885
0.837980 0.812802
0.225609 0.153123
0.690097 0.468642
0.683713 0.760627
0.295314 0.284650
0.490832 0.273549
0.667295 0.746730
0.472039 0.723800
0.510438 0.712872
0.224968 0.738843
0.715124 0.266606
0.555971 0.855312
0.249523 0.735980
0.953967 0.866242
0.401520 0.607208
0.991770 0.568437
0.115028 0.045431
0.790315 0.423628
0.246813 0.347672
0.757373 0.465247
0.868499 0.734926
0.974014 0.888504
0.254547 0.659059
0.020543 0.991107
0.261006 0.664795
0.849154 0.160465
0.847879 0.012246
0.441977 0.472038
0.374091 0.586385
0.914842 0.326989
0.579260 0.877463
0.772995 0.040733
0.942791 0.046647
0.588758 0.575354
0.786390 0.148443
0.179370 0.752107
0.149505 0.469445
0.731648 0.651242
0.210604 0.303960
0.968975 0.448671
0.044457 0.219585
0.342435 0.999489
0.302692 0.026396
0.512922 0.083605
0.274068 0.992383
0.704639 0.050667
0.448687 0.171638
0.122945 0.587065
0.505656 0.742867
0.892306 0.246682
0.922992 0.517992
0.258835 0.845786
0.035530 0.559509
0.721622 0.279978
0.863492 0.240285
0.839874 0.078545
0.159928 0.380985
0.854056 0.144585
0.875438 0.229732
0.452508 0.352734
0.118126 0.944310
0.438178 0.690331
0.575268 0.501716
0.616578 0.898342
0.699312 0.532480
0.645186 0.606394
0.433121 0.624764
0.443570 0.757614
0.968912 0.959865
0.820736 0.601759
0.749332 0.178048
0.479018 0.257305
0.003495 0.966738
0.863849 0.513699
0.254152 0.692975
0.434801 0.803350
0.999518 0.349083
0.244403 0.267382
0.093346 0.394046
0.017425 0.114396
0.271696 0.159863
0.732159 0.105605
0.865994 0.221115
0.108591 0.010107
0.715205 0.256617
0.509499 0.111616
0.985296 0.125385
0.411926 0.851650
0.244887 0.266972
0.808500 0.273340
0.002871 0.427914
0.012535 0.909792
0.641813 0.583014
0.201590 0.699946
0.677255 0.060464
0.880847 0.579413
0.792467 0.262914
0.122048 0.702450
0.793883 0.386034
0.023692 0.818254
0.206094 0.339032
0.628231 0.099955
0.071996 0.025704
0.916640 0.311383
0.660659 0.989235
0.669451 0.525095
0.520920 0.376917
0.599780 0.958791
0.788044 0.424227
0.332445 0.883532
0.135786 0.849585
0.255077 0.715629
0.806221 0.476997
0.192284 0.844768
0.367508 0.320680
0.510016 0.435086
0.683052 0.137198
0.435690 0.891702
0.036063 0.457338
0.660532 0.887711
0.593786 0.824484
0.222691 0.352809
0.942132 0.885975
0.557953 0.475488
0.451067 0.058790
0.892377 0.818150
0.456251 0.279440
0.342921 0.123161
0.721790 0.556670
0.234103 0.623006
0.979230 0.122395
0.458485 0.494159
0.166797 0.531580
0.605977 0.157345
0.154724 0.856349
0.311387 0.630333
0.626773 0.839171
0.739895 0.840576
0.625215 0.449457
0.393567 0.379030
0.418393 0.129309
0.423958 0.389445
0.034572 0.275131
0.751907 0.577946
0.806167 0.542688
0.854084 0.796067
0.098285 0.977006
0.014747 0.596838
0.792512 0.331894
0.598570 0.362123
0.060615 0.008462
0.094862 0.098410
0.610890 0.525865
0.455463 0.691921
0.016826 0.270983
0.777393 0.909977
0.438337 0.081484
0.798729 0.885170
0.413660 0.243355
0.043972 0.591083
0.909869 0.677888
0.317249 0.642888
0.832068 0.475830
0.819748 0.391910
0.348506 0.582989
0.464686 0.977112
0.516389 0.385172
0.394934 0.547940
0.354912 0.722907
0.380663 0.384144
0.616973 0.060847
0.655355 0.504972
0.453026 0.719253
0.758256 0.846261
0.374803 0.327038
0.714342 0.581805
0.631802 0.555523
0.772693 0.190041
0.555712 0.158102
0.407252 0.663994
0.493072 0.379592
0.884970 0.772826
0.526291 0.950053
0.424365 0.788073
0.167936 0.285792
0.338086 0.105821
0.501805 0.192260
0.634186 0.190092
0.123506 0.969087
0.658240 0.936451
0.489888 0.033402
0.574371 0.558329
0.014976 0.861242
0.619971 0.744691
0.493921 0.618402
0.257470 0.973758
0.400720 0.162327
0.055915 0.636172
0.983380 0.895794
0.702105 0.990598
0.722828 0.339251
0.601218 0.079767
0.221682 0.417540
0.201818 0.953501
0.995598 0.370936
0.709229 0.407771
0.139509 0.336927
0.233372 0.328078
0.215022 0.112345
0.217428 0.905757
0.085222 0.324757
0.528450 0.354513
0.517607 0.043420
0.648570 0.563479
0.680966 0.567258
0.437904 0.350142
0.226435 0.500068
0.026052 0.328241
0.677872 0.108717
0.062891 0.652179
0.397775 0.801825
0.937311 0.957040
0.425593 0.264327
0.608614 0.628193
0.622345 0.321779
0.063752 0.210005
0.154419 0.123900
0.926283 0.013848
0.601858 0.947474
0.360053 0.527098
0.695784 0.317170
0.477652 0.817103
0.745356 0.808449
0.987340 0.370327
0.747091 0.602785
0.666605 0.739874
0.749731 0.885745
0.349322 0.653481
0.280290 0.594569
0.751175 0.791001
0.420125 0.508720
0.333850 0.169036
0.260517 0.912137
0.308970 0.974759
0.241478 0.723071
0.573903 0.696870
0.643958 0.706749
0.905547 0.563469
0.067849 0.270825
0.708219 0.494075
0.548552 0.596580
0.382629 0.773896
0.723535 0.714299
0.715310 0.890358
0.595393 0.967072
0.119193 0.631959
0.716927 0.477220
0.288208 0.550037
0.364748 0.909124
0.356792 0.175707
0.576389 0.395993
0.095898 0.564842
0.537846 0.173197
0.597638 0.567359
0.773613 0.361570
0.248760 0.951220
0.561218 0.027140
0.820712 0.196758
0.786036 0.705162
0.968814 0.965579
0.274411 0.766450
0.316855 0.629198
0.597746 0.054544
0.005182 0.057764
0.127942 0.257652
0.906955 0.518633
0.796892 0.838312
0.734943 0.391385
0.863859 0.742050
0.743151 0.901574
0.598663 0.528574
0.890163 0.454462
0.811571 0.053846
0.001290 0.528292
0.073612 0.976543
0.005501 0.718150
0.243385 0.967552
0.381542 0.027283
0.026936 0.553373
0.986712 0.979774
0.337273 0.482704
0.100456 0.522177
0.599702 0.251062
0.612114 0.899693
0.000955 0.228934
0.209920 0.123886
0.166101 0.625913
0.102694 0.738532
0.887023 0.926588
0.660176 0.197396
0.085297 0.232025
0.961957 0.962345
0.381919 0.325792
0.510011 0.291688
0.979662 0.221221
0.369143 0.429371
0.125064 0.382825
0.856731 0.140361
0.584022 0.406637
0.170537 0.012336
0.273343 0.061829
0.376768 0.810210
0.719685 0.947384
0.427015 0.707801
0.665342 0.217046
0.303583 0.529830
0.796657 0.461813
0.227742 0.993466
0.115579 0.955889
0.809046 0.838894
0.794918 0.208171
0.632582 0.756750
0.745686 0.271565
0.181119 0.328123
0.479844 0.573781
0.836950 0.769034
0.676151 0.263489
0.478880 0.335436
0.234928 0.010245
0.339462 0.256116
0.571902 0.062302
0.270520 0.044769
0.641418 0.568190
0.337480 0.147335
0.957920 0.584392
0.679113 0.531349
0.806533 0.896380
0.382711 0.690025
0.229887 0.651855
0.399156 0.006782
0.955528 0.868442
0.290837 0.997757
0.317128 0.458844
0.851259 0.304596
0.450540 0.665587
0.130468 0.422350
0.309410 0.676774
0.135969 0.232731
0.711376 0.156224
0.422019 0.712881
0.765468 0.094881
0.851996 0.723972
0.339295 0.763803
0.728299 0.600891
0.558481 0.734703
0.999260 0.578552
0.808718 0.744274
0.855808 0.954525
0.193083 0.165460
0.586352 0.449295
0.570723 0.798043
0.931714 0.417416
0.717933 0.196799
0.534552 0.021805
0.503751 0.545336
0.735445 0.649485
0.358397 0.005731
0.115486 0.973061
0.922333 0.325093
0.258853 0.436416
0.689940 0.356828
0.067294 0.402795
0.260589 0.324930
0.162957 0.658840
0.526631 0.270863
0.553862 0.492708
0.795975 0.955984
0.130671 0.883913
0.704797 0.692554
0.374301 0.343908
0.005639 0.982205
0.606506 0.402329
0.543769 0.040527
0.173651 0.623360
0.514262 0.787075
0.658743 0.601436
0.815266 0.068263
0.690887 0.715591
0.275164 0.195650
0.213852 0.198141
0.523782 0.135626
0.659286 0.105078
0.026890 0.319290
0.191860 0.988662
0.302996 0.222064
0.196770 0.373853
0.605849 0.781945
0.364576 0.625971
0.482060 0.846495
0.569042 0.289892
0.703587 0.820064
0.465441 0.987197
0.879097 0.196955
0.786756 0.600951
0.534811 0.513939
0.853411 0.610873
0.537706 0.048860
0.448303 0.908042
0.711737 0.050954
0.883992 0.826667
0.546684 0.022405
0.562430 0.054589
0.320379 0.628910
0.912913 0.357796
0.860024 0.918361
0.021044 0.239428
0.709862 0.756843
0.392417 0.656755
0.612159 0.739775
0.718658 0.085871
0.158250 0.132727
0.932480 0.913543
0.797412 0.116719
0.574271 0.187231
0.368384 0.267091
0.828931 0.144451
0.646179 0.983895
0.687055 0.079233
0.907850 0.643080
0.456311 0.659692
0.879044 0.477127
0.531321 0.452447
0.072591 0.787070
0.126412 0.394570
0.386823 0.280041
0.402507 0.618009
0.311387 0.172512
0.869368 0.970833
0.458584 0.327020
0.047482 0.036852
0.392882 0.930242
0.730709 0.349269
0.968046 0.428758
0.276793 0.426353
0.211543 0.885639
0.361173 0.657969
0.389047 0.901731
0.642381 0.488252
0.132143 0.901917
0.546817 0.285053
0.877927 0.054440
0.314077 0.536828
0.339814 0.476734
0.264316 0.130083
0.036854 0.157647
0.952947 0.575403
0.488960 0.384324
0.708420 0.141259
0.276130 0.655902
0.479064 0.770093
0.897110 0.823373
0.184208 0.091470
0.169441 0.783531
0.913831 0.925449
0.298216 0.840341
0.536236 0.822792
0.548365 0.145893
0.079220 0.957219
0.425803 0.350521
0.356303 0.378934
0.944997 0.062705
0.119061 0.789652
0.549409 0.128537
0.034460 0.224234
0.260811 0.014213
0.216091 0.738319
0.855434 0.898236
0.389914 0.319414
0.999861 0.769340
0.537352 0.254771
0.321305 0.515364
0.542083 0.013679
0.959400 0.575606
0.589158 0.211471
0.764987 0.737265
0.095158 0.594994
0.658194 0.835568
0.206091 0.877635
0.461481 0.096524
0.105621 0.197804
0.282751 0.496406
0.748751 0.186726
0.992652 0.161522
0.599378 0.928940
0.832507 0.647889
0.715493 0.134206
0.009663 0.434149
0.089519 0.357753
0.223743 0.916347
0.880056 0.818943
0.713944 0.154072
0.048367 0.653888
0.642258 0.369424
0.472687 0.489149
0.239928 0.314167
0.418390 0.603179
0.955819 0.538485
0.731164 0.807001
0.113508 0.653125
0.482111 0.572431
0.038417 0.906216
0.952784 0.003482
0.212792 0.180194
0.781305 0.598080
0.177334 0.813971
0.353475 0.460857
0.387307 0.521380
0.480142 0.274584
0.424556 0.908337
0.502894 0.916386
0.550127 0.768817
0.293591 0.790413
0.264322 0.019550
0.160729 0.021653
0.947063 0.999977
0.762230 0.108128
0.898945 0.743776
0.332245 0.502278
0.661759 0.024050
0.501541 0.732395
0.188225 0.443791
0.532530 0.735565
0.964454 0.848276
0.621518 0.583641
0.603187 0.545179
0.059363 0.698296
0.716337 0.512480
0.870388 0.672437
0.362665 0.019694
0.059162 0.351798
0.462105 0.166871
0.189328 0.230211
0.780513 0.771288
0.382939 0.172364
0.110908 0.087129
0.391279 0.045542
0.333635 0.961533
0.507505 0.822645
0.129266 0.268079
0.946546 0.383552
0.648406 0.976127
0.550788 0.305346
0.531948 0.054637
0.112370 0.007171
0.884210 0.671280
0.298330 0.221161
0.683077 0.919532
0.299139 0.321559
0.854241 0.893376
0.914037 0.293154
0.120313 0.439998
0.295765 0.883867
0.036635 0.633880
0.906181 0.976670
0.650131 0.949923
0.075659 0.359278
0.008715 0.981184
0.902726 0.028053
0.018133 0.366969
0.258538 0.846932
0.160484 0.790649
0.554460 0.377392
0.145720 0.997691
0.617986 0.439382
0.371128 0.905728
0.821192 0.811186
0.616198 0.887957
0.299278 0.703706
0.404448 0.599999
0.998153 0.984525
0.512619 0.573863
0.897322 0.985636
0.778608 0.065184
0.322640 0.896562
0.768353 0.742233
0.667923 0.415264
0.403241 0.808932
0.293780 0.684832
0.726209 0.844556
0.319886 0.741889
0.106490 0.138062
0.417336 0.055226
0.947698 0.901896
0.048934 0.838312
0.508874 0.701963
0.886931 0.576974
0.116327 0.002579
0.496922 0.949232
0.572622 0.372939
0.030922 0.914979
0.327157 0.704777
0.694237 0.253883
0.063778 0.385000
0.317131 0.700256
0.819782 0.222445
0.528231 0.040608
0.214256 0.761762
0.793398 0.776404
0.142388 0.551035
0.422708 0.991486
0.654070 0.935202
0.145350 0.450873
0.771608 0.367858
0.632508 0.511702
0.991929 0.173873
0.935349 0.401571
0.467993 0.528602
0.265367 0.963657
0.911487 0.972905
0.996920 0.669800
0.451685 0.850734
0.023805 0.834404
0.497286 0.673220
0.374046 0.368623
0.031717 0.423789
0.408354 0.224791
0.247323 0.584140
0.317771 0.830252
0.111385 0.577645
0.160045 0.528241
0.552546 0.642298
0.427425 0.509475
0.180953 0.463015
0.373030 0.666131
0.434822 0.779342
0.425992 0.235771
0.273689 0.045285
0.539919 0.830881
0.769112 0.437789
0.196120 0.863484
0.056781 0.399223
0.856615 0.393177
0.117875 0.265950
0.600029 0.152036
0.654935 0.438162
0.334390 0.240925
0.823330 0.396674
0.738479 0.440355
0.091867 0.440506
0.507688 0.457842
0.816242 0.910851
0.786779 0.582782
0.541450 0.644616
0.287830 0.811847
0.856848 0.267217
0.902818 0.848733
0.424487 0.909000
0.120439 0.027987
0.347867 0.565436
0.351443 0.942068
0.254710 0.281213
0.634828 0.003864
0.727557 0.377469
0.977748 0.691418
0.052215 0.092628
0.088168 0.952622
0.684052 0.427606
0.200483 0.873640
0.201556 0.706679
0.763324 0.294656
0.504915 0.222989
0.378930 0.965134
0.693138 0.846614
0.540600 0.239040
0.712880 0.500568
0.176849 0.412430
0.634840 0.735332
0.243221 0.875997
0.379551 0.271137
0.195120 0.804171
0.354165 0.483399
0.222820 0.686091
0.781033 0.339425
0.945079 0.030611
0.132943 0.588787
0.701407 0.250683
0.554071 0.318386
0.554089 0.659328
0.972808 0.455697
0.648216 0.578039
0.317555 0.253064
0.987871 0.206852
0.790275 0.146587
0.804351 0.185728
0.967157 0.685988
0.090118 0.693177
0.603621 0.337546
0.260736 0.718761
0.741361 0.327206
0.876227 0.268827
0.069864 0.599868
0.107071 0.276664
0.507186 0.286360
0.214996 0.703185
0.546999 0.839761
0.581240 0.483447
0.261256 0.792066
0.196871 0.242228
0.841589 0.741193
0.612873 0.038921
0.127258 0.499957
0.746339 0.464101
0.017293 0.184270
0.588767 0.694217
0.033428 0.043332
0.261310 0.083502
0.541946 0.123702
0.648219 0.777225
0.970517 0.948407
0.273365 0.029410
0.329412 0.708480
0.059801 0.359713
0.298035 0.219346
0.706131 0.659097
0.535494 0.910775
0.103139 0.149689
0.383450 0.655882
0.584079 0.074043
0.958425 0.305065
0.358973 0.623630
0.945166 0.662688
0.954773 0.187591
0.618810 0.828879
0.509024 0.362174
0.984759 0.140987
0.410930 0.873374
0.900481 0.980382
0.884848 0.050957
0.929766 0.428167
0.651619 0.394276
0.813668 0.575919
0.845545 0.193771
0.184983 0.440377
0.004752 0.692853
0.296054 0.557299
0.070004 0.170644
0.622859 0.305663
0.214722 0.228847
0.214819 0.622851
0.167691 0.362706
0.687887 0.513671
0.597281 0.250907
0.932715 0.413879
0.286964 0.904326
0.655290 0.613946
0.886735 0.058540
0.837680 0.677864
0.359993 0.256351
0.104806 0.941074
0.141912 0.259439
0.691107 0.710152
0.160769 0.814131
0.510287 0.848457
0.087285 0.042830
0.636990 0.150024
0.524949 0.014109
0.779929 0.899530
0.838883 0.958353
0.903096 0.444018
0.398348 0.896184
0.926939 0.972836
0.768317 0.201989
0.944954 0.947141
0.666131 0.857280
0.561176 0.944127
0.093936 0.863964
0.055504 0.339107
0.135326 0.479135
0.232246 0.952072
0.559321 0.897731
0.278058 0.025978
0.775655 0.702378
0.545492 0.815343
0.840084 0.587903
0.965928 0.719712
0.676875 0.361422
0.002259 0.240943
0.763921 0.709871
0.331022 0.625583
0.195287 0.263628
0.947408 0.413181
0.244988 0.487108
0.387016 0.729529
0.962116 0.591737
0.591147 0.364834
0.564631 0.319329
0.001092 0.866096
0.429444 0.492088
0.083501 0.837111
0.170337 0.410621
0.840266 0.457783
0.931152 0.209314
0.715233 0.977999
0.549614 0.692184
0.393227 0.751337
0.908874 0.703056
0.935929 0.588653
0.577137 0.304627
0.709627 0.881953
0.646316 0.233039
0.544109 0.755937
0.939363 0.156596
0.127497 0.412944
0.125611 0.980429
0.424304 0.533611
0.227088 0.449126
0.984694 0.488687
0.008824 0.242528
0.978455 0.989068
0.210493 0.615264
0.076908 0.577442
0.125921 0.818662
0.939575 0.172987
0.462712 0.102043
0.339140 0.065098
0.264547 0.990224
0.044603 0.858968
0.077453 0.528997
0.452120 0.931555
0.199050 0.179682
0.748714 0.725719
0.699182 0.026127
0.259960 0.839895
0.600858 0.602195
0.295917 0.260173
0.946555 0.727755
0.126866 0.937707
0.582370 0.333362
0.397139 0.725405
0.376273 0.578745
0.710499 0.195375
0.944241 0.356173
0.419375 0.698514
0.608785 0.440120
0.649742 0.902828
0.800284 0.824259
0.258408 0.419403
0.553819 0.044191
0.769792 0.323463
0.282596 0.259292
0.283379 0.338015
0.604825 0.583565
0.255712 0.206424
0.826358 0.092723
0.512823 0.520561
0.574137 0.885650
0.623914 0.973634
0.871353 0.214740
0.241183 0.344774
0.391514 0.552995
0.232513 0.222345
0.381390 0.672023
0.688126 0.976117
0.202415 0.392859
0.964677 0.690009
0.592279 0.539646
0.075510 0.893374
0.625505 0.571667
0.539500 0.391914
0.254665 0.755322
0.509568 0.033940
0.399094 0.928604
0.373895 0.413233
0.623961 0.801675
0.668461 0.850055
0.113971 0.924593
0.903922 0.519149
0.624742 0.212813
0.447947 0.202703
0.021977 0.980903
0.259147 0.593108
0.300250 0.370622
0.397762 0.335047
0.637400 0.960936
0.428635 0.973327
0.667797 0.607136
0.237104 0.062921
0.851935 0.573981
0.414414 0.811967
0.310580 0.783617
0.327964 0.920881
0.267967 0.137554
0.698097 0.162847
0.949363 0.655555
0.230861 0.208819
0.923875 0.607858
0.893736 0.110225
0.925392 0.520049
0.668422 0.372875
0.059140 0.957972
0.994598 0.364547
0.943868 0.167726
0.154684 0.073112
0.391269 0.052302
0.394657 0.138390
0.730528 0.833363
0.687815 0.200494
0.766848 0.249500
0.759489 0.567398
0.366713 0.083492
0.827510 0.939653
0.665918 0.964542
0.934111 0.194608
0.731212 0.349305
0.487517 0.156965
0.974779 0.726137
0.266908 0.371472
0.422483 0.747534
0.925697 0.321440
0.472500 0.593208
0.393344 0.504181
0.105708 0.167674
0.401101 0.914939
0.349358 0.249793
0.742862 0.949130
0.459124 0.008605
0.688149 0.415061
0.673646 0.277717
0.002408 0.344496
0.704792 0.393113
0.219174 0.464007
0.752349 0.119433
0.691752 0.667344
0.370738 0.970336
0.894705 0.316161
0.031091 0.308305
0.204722 0.547252
0.918744 0.870338
0.305829 0.428598
0.036542 0.544164
0.063368 0.938606
0.866934 0.214188
0.699369 0.568020
0.801358 0.475652
0.191772 0.639843
0.080280 0.584588
0.212705 0.684936
0.828043 0.109525
0.400269 0.733522
0.163703 0.566524
0.671839 0.354794
0.831982 0.510658
0.626995 0.140873
0.023160 0.050749
0.903920 0.882642
0.807591 0.199612
0.525459 0.796117
0.674669 0.115521
0.895541 0.160682
0.171796 0.901009
0.484617 0.372892
0.553657 0.981397
0.119630 0.756949
0.334326 0.117049
0.421933 0.548753
0.205962 0.405269
0.635676 0.576448
0.723161 0.836405
0.409140 0.422967
0.496692 0.566353
0.108323 0.312635
0.171892 0.385853
0.973354 0.582731
0.429382 0.565937
0.669077 0.434953
0.447710 0.701401
0.060863 0.540081
0.547328 0.756752
0.982645 0.795755
0.503789 0.169453
0.588261 0.834299
0.932414 0.825310
0.188969 0.712576
0.880155 0.681017
0.685752 0.500162
0.636976 0.294381
0.088810 0.827715
0.943144 0.856822
0.333914 0.093530
0.280138 0.842835
0.655815 0.966694
0.342681 0.551472
0.790038 0.233992
0.964090 0.592398
0.007898 0.025153
0.882216 0.645282
0.763073 0.784016
0.420460 0.798611
0.937532 0.172171
0.764136 0.307792
0.321493 0.412755
0.863720 0.022056
0.433926 0.680048
0.110415 0.792254
0.941903 0.090935
0.152948 0.974097
0.197856 0.078940
0.952193 0.892623
0.655725 0.551431
0.919233 0.655520
0.658397 0.843686
0.653246 0.503677
0.389721 0.503134
0.522479 0.360832
0.448118 0.801872
0.416513 0.025560
0.283019 0.231742
0.793582 0.449293
0.280311 0.810705
0.019217 0.174251
0.826955 0.550652
0.773650 0.838176
0.941963 0.063425
0.799235 0.708766
0.207026 0.931702
0.404202 0.887611
0.605114 0.526748
0.159524 0.914328
0.556662 0.006092
0.018285 0.777633
0.161936 0.598738
0.681082 0.279366
0.569314 0.240259
0.946315 0.860170
0.288043 0.528814
0.500633 0.960023
0.394029 0.562228
0.928707 0.162811
0.550486 0.105673
0.617499 0.365683
0.967636 0.415409
0.136188 0.834000
0.820867 0.694860
0.748812 0.264715
0.642054 0.038020
0.196890 0.932279
0.739235 0.230673
0.111383 0.948919
0.112188 0.257070
0.182634 0.007464
0.314135 0.974179
0.341903 0.504305
0.745936 0.551080
0.743592 0.661636
0.608563 0.649649
0.799164 0.710191
0.791775 0.145598
0.677674 0.737022
0.299966 0.874577
0.304712 0.243832
0.867097 0.247020
0.415502 0.367923
0.898062 0.455236
0.694309 0.794039
0.627904 0.943694
0.802508 0.400207
0.950812 0.524575
0.022577 0.260013
0.621730 0.156815
0.584068 0.361598
0.534385 0.001875
0.848421 0.361925
0.140158 0.437916
0.486177 0.637403
0.524562 0.043524
0.871512 0.456509
0.076988 0.772828
0.660154 0.649438
0.426914 0.410497
0.536339 0.050594
0.298958 0.987894
0.662192 0.418934
0.222363 0.745209
0.260290 0.162370
0.154515 0.729263
0.642810 0.069806
0.115043 0.633847
0.571116 0.685999
0.178039 0.726588
0.936096 0.601050
0.196130 0.679544
0.343082 0.049288
0.302339 0.905585
0.411139 0.864665
0.508659 0.516978
0.005216 0.637104
0.107814 0.478748
0.260317 0.392383
0.537077 0.014464
0.284584 0.989612
0.057399 0.319393
0.321421 0.379386
0.684781 0.247744
0.460269 0.644864
0.322322 0.948773
0.979673 0.119674
0.343820 0.207972
0.186790 0.490980
0.563827 0.425652
0.272555 0.278622
0.992128 0.923677
0.075899 0.656551
0.456878 0.688814
0.596961 0.889252
0.066988 0.349598
0.985494 0.182285
0.127333 0.728972
0.777435 0.672274
0.776196 0.693722
0.135771 0.608222
0.776877 0.865517
0.246235 0.127431
0.781090 0.256548
0.031929 0.825214
0.505991 0.326633
0.011429 0.035327
0.792623 0.489706
0.149722 0.358506
0.165305 0.112882
0.276308 0.549509
0.210007 0.343671
0.477931 0.420030
0.128628 0.038866
0.035459 0.350179
0.718802 0.131255
0.786980 0.715674
0.003943 0.026748
0.195033 0.056121
0.531343 0.039627
0.802646 0.492962
0.727954 0.750703
0.506764 0.925363
0.990241 0.359215
0.125864 0.363238
0.223354 0.531006
0.378388 0.480449
0.763188 0.274021
0.537475 0.335161
0.784961 0.639537
0.008505 0.660051
0.170162 0.724474
0.567339 0.401483
0.694066 0.856593
0.778744 0.545379
0.722694 0.413915
0.789026 0.829052
0.137294 0.238031
0.269989 0.166082
0.392535 0.193033
0.595539 0.101615
0.269919 0.665521
0.398545 0.421463
0.797925 0.984512
0.565068 0.079067
0.102903 0.968501
0.679235 0.752469
0.675764 0.179618
0.448362 0.798080
0.866363 0.237336
0.595962 0.157102
0.958277 0.252204
0.726635 0.231113
0.616054 0.659264
0.328428 0.818834
0.885371 0.855070
0.330798 0.744340
0.559491 0.592628
0.477425 0.600261
0.135654 0.408847
0.177672 0.280106
0.127815 0.212496
0.781929 0.549836
0.023643 0.788524
0.909468 0.880429
0.823017 0.992216
0.586402 0.962588
0.948844 0.313239
0.863434 0.792473
0.775799 0.896281
0.384190 0.400055
0.640052 0.737805
0.879737 0.875845
0.721340 0.956893
0.178629 0.950340
0.064191 0.555622
0.090197 0.568001
0.390110 0.081609
0.648117 0.731198
0.174185 0.694437
0.179048 0.137396
0.147363 0.599078
0.778791 0.596894
0.809351 0.591477
0.797321 0.976523
0.390960 0.149942
0.135397 0.597478
0.547103 0.184235
0.882105 0.956748
0.253216 0.206883
0.213922 0.387422
0.853227 0.595961
0.067553 0.472979
0.090332 0.406214
0.403520 0.648353
0.549454 0.874755
0.016275 0.773999
0.022658 0.304290
0.879663 0.690414
0.171997 0.490785
0.721904 0.937343
0.634321 0.024675
0.499702 0.152962
0.047780 0.598511
0.776922 0.036061
0.783589 0.706388
0.751987 0.244728
0.393595 0.119751
0.238891 0.302790
0.319437 0.175040
0.188712 0.901470
0.783894 0.344478
0.947644 0.238923
0.406820 0.813525
0.442886 0.234625
0.368535 0.500721
0.620644 0.405606
0.431304 0.263944
0.535347 0.219456
0.867526 0.747367
0.410279 0.747228
0.006996 0.344489
0.440301 0.469799
0.748731 0.962807
0.379997 0.350600
0.610515 0.281254
0.141350 0.961541
0.809530 0.958500
0.217833 0.017809
0.437262 0.933609
0.138325 0.117186
0.068953 0.765018
0.785927 0.695376
0.053292 0.723288
0.448629 0.157894
0.295126 0.501147
0.329651 0.969749
0.474742 0.372151
0.673165 0.650545
0.002439 0.618474
0.243769 0.375234
0.706349 0.557386
0.368655 0.167410
0.505482 0.319366
0.912928 0.534347
0.865964 0.390181
0.827437 0.056537
0.298119 0.078176
0.031650 0.918862
0.716869 0.625110
0.532493 0.569554
0.638690 0.826580
0.596889 0.748581
0.280978 0.976762
0.031897 0.386577
0.882050 0.180523
0.141338 0.365431
0.428195 0.933394
0.836120 0.464090
0.972975 0.642278
0.873659 0.246057
0.488964 0.029717
0.008880 0.705453
0.118294 0.547808
0.696007 0.032235
0.448741 0.684152
0.889731 0.299230
0.974217 0.844541
0.650635 0.391926
0.711110 0.816193
0.303300 0.992830
0.908619 0.485501
0.722830 0.524009
0.760931 0.826982
0.023223 0.079132
0.336467 0.917614
0.398274 0.887512
0.462434 0.288853
0.900645 0.560671
0.360484 0.044407
0.110933 0.139310
0.364836 0.607333
0.307590 0.065528
0.264809 0.408682
0.992270 0.392987
0.089195 0.581115
0.919640 0.786696
0.836218 0.928232
0.636544 0.994923
0.033282 0.834840
0.857011 0.916700
0.478169 0.787756
0.195080 0.603130
0.358645 0.596174
0.675561 0.347069
0.216238 0.321688
0.663957 0.676874
0.741317 0.126537
0.818517 0.688148
0.030505 0.335598
0.466711 0.360617
0.117417 0.207346
0.024561 0.093077
0.266300 0.819970
0.526638 0.424498
0.662163 0.541511
0.131514 0.222623
0.222522 0.599953
0.461624 0.387585
0.556639 0.970116
0.314193 0.520195
0.480370 0.716643
0.730290 0.729071
0.201520 0.449093
0.811175 0.381530
0.984255 0.364787
0.497667 0.474526
0.433664 0.845631
0.155275 0.567665
0.618602 0.851221
0.609200 0.960020
0.872168 0.348740
0.859906 0.958478
0.257197 0.610209
0.281804 0.649567
0.093643 0.734188
0.419820 0.587307
0.025862 0.695441
0.495991 0.625251
0.315668 0.145820
0.435429 0.943979
0.227794 0.675839
0.049844 0.718100
0.238437 0.451517
0.367753 0.112840
0.345582 0.350125
0.522106 0.972352
0.470018 0.914426
0.461558 0.107543
0.230153 0.407518
0.325369 0.865829
0.678646 0.578308
0.491230 0.397271
0.612192 0.124607
0.162533 0.303116
0.171185 0.677099
0.024768 0.160177
0.902608 0.997543
0.487590 0.495370
0.773399 0.036190
0.427021 0.099828
0.400926 0.983822
0.753633 0.985046
0.746049 0.608110
0.754221 0.659092
0.464066 0.292546
0.520178 0.258493
0.486676 0.146135
0.565395 0.245284
0.293608 0.499028
0.162526 0.962380
0.446944 0.352279
0.029197 0.843254
0.625834 0.416405
0.245533 0.745137
0.945475 0.380810
0.134876 0.109195
0.006362 0.743955
0.981395 0.992818
0.784197 0.162184
0.977709 0.327813
0.333620 0.687337
0.049049 0.825770
0.997297 0.775070
0.781676 0.390314
0.065921 0.792667
0.597158 0.909339
0.115963 0.305123
0.360656 0.683280
0.787745 0.961020
0.295407 0.493636
0.028961 0.252988
0.374004 0.593806
0.470845 0.364475
0.624078 0.828616
0.241681 0.342876
0.704924 0.777941
0.825397 0.209331
0.539267 0.900011
0.391950 0.429883
0.984823 0.113053
0.705602 0.850184
0.150794 0.714453
0.469738 0.852891
0.907452 0.872485
0.064385 0.756855
0.921528 0.621348
0.600876 0.045005
0.856033 0.046404
0.313510 0.925863
0.949745 0.991901
0.476402 0.177430
0.487944 0.102313
0.872536 0.560537
0.404506 0.079531
0.405241 0.866192
0.703406 0.082456
0.159907 0.392308
0.101375 0.934041
0.652292 0.094823
0.788057 0.368406
0.244871 0.569985
0.013372 0.465398
0.843805 0.928058
0.342555 0.642437
0.226823 0.560213
0.254028 0.571357
0.171722 0.941233
0.886917 0.336918
0.776663 0.095504
0.740361 0.282459
0.135642 0.678191
0.469807 0.530140
0.520530 0.059448
0.051380 0.601168
0.623865 0.047175
0.378439 0.612851
0.656681 0.828276
0.420732 0.548258
0.578560 0.312045
0.053825 0.004226
0.836125 0.200232
0.630255 0.577047
0.399633 0.833493
0.698402 0.022741
0.776694 0.506999
0.347019 0.726885
0.686066 0.310588
0.983039 0.648708
0.605780 0.069880
0.279319 0.446974
0.630626 0.512764
0.763033 0.262568
0.702157 0.816597
0.765050 0.770847
0.888507 0.084179
0.697192 0.968678
0.573651 0.217316
0.998754 0.174677
0.335558 0.172062
0.464513 0.418876
0.491241 0.927983
0.478324 0.514626
0.886682 0.817758
0.239722 0.012926
0.629500 0.844850
0.552850 0.211177
0.741355 0.669539
0.565033 0.863336
0.784242 0.667952
0.664759 0.662203
0.525165 0.463922
0.709600 0.610494
0.489981 0.126661
0.701929 0.645999
0.342248 0.356323
0.246722 0.961915
0.860201 0.561049
0.401653 0.736825
0.527728 0.975851
0.055123 0.034286
0.568611 0.203279
0.604304 0.781423
0.138110 0.440608
0.688667 0.833864
0.496344 0.206154
0.585799 0.454517
0.771925 0.555576
0.279423 0.754393
0.517747 0.177547
0.563072 0.948320
0.705516 0.298803
0.710873 0.282606
0.542689 0.526596
0.247391 0.347881
0.942181 0.250599
0.801027 0.667371
0.532629 0.137515
0.204571 0.178978
0.586794 0.973383
0.877239 0.025252
0.273727 0.157257
0.975678 0.235610
0.201313 0.620875
0.556187 0.225851
0.670365 0.097007
0.019369 0.082415
0.364868 0.975016
0.547247 0.754726
0.321496 0.719339
0.966181 0.357761
0.999059 0.638410
0.748591 0.252167
0.643091 0.511006
0.956403 0.904675
0.396673 0.946870
0.884813 0.590384
0.082118 0.160790
0.076874 0.107993
0.976952 0.212167
0.690855 0.636528
0.631145 0.206704
0.579347 0.625538
0.570405 0.186162
0.723061 0.073243
0.591200 0.436259
0.250287 0.807389
0.175893 0.932982
0.884565 0.360588
0.305153 0.137487
0.916328 0.627532
0.031784 0.510999
0.085799 0.573751
0.508962 0.082846
0.815861 0.262317
0.541484 0.639039
0.962305 0.493812
0.917316 0.354857
0.857437 0.235826
0.707480 0.088612
0.986050 0.953936
0.442214 0.523935
0.597775 0.275038
0.674471 0.698562
0.525076 0.147741
0.919186 0.115045
0.629172 0.103089
0.146101 0.020538
0.363364 0.639583
0.521544 0.674539
0.675019 0.140174
0.057337 0.625358
0.653224 0.556704
0.245762 0.810765
0.075686 0.632312
0.120412 0.654448
0.417726 0.718103
0.052192 0.555083
0.144878 0.682382
0.119956 0.073583
0.713123 0.063532
0.224531 0.824735
0.809688 0.854126
0.326100 0.528048
0.773347 0.136986
0.724391 0.097486
0.913251 0.637310
0.493305 0.484729
0.181362 0.345917
0.727124 0.540944
0.529306 0.195246
0.690362 0.392034
0.182753 0.943785
0.506799 0.528037
0.981372 0.366406
0.943021 0.694925
0.633096 0.234418
0.051756 0.437784
0.010171 0.071003
0.595327 0.724472
0.167948 0.732500
0.949726 0.743176
0.784715 0.700713
0.224737 0.360890
0.949267 0.661211
0.789025 0.968695
0.231437 0.321687
0.644802 0.024357
0.571219 0.808688
0.610443 0.295393
0.724104 0.146032
0.894773 0.100915
0.863491 0.497809
0.428647 0.500662
0.200206 0.457686
0.849720 0.800955
0.163049 0.673421
0.856837 0.819768
0.425632 0.048093
0.931169 0.395885
0.360977 0.759515
0.263972 0.834748
0.076052 0.740711
0.965789 0.995769
0.923804 0.870762
0.278880 0.966648
0.927897 0.534373
0.402078 0.109267
0.590634 0.700546
0.403997 0.406030
0.573311 0.027784
0.957866 0.289906
0.140891 0.005488
0.856892 0.863207
0.095307 0.152241
0.447902 0.185704
0.735821 0.058040
0.549709 0.382792
0.464946 0.424757
0.153159 0.220281
0.064808 0.115286
0.977895 0.279787
0.307026 0.127106
0.755164 0.924143
0.789751 0.612616
0.813233 0.404230
0.859497 0.798519
0.001725 0.487794
0.264617 0.086233
0.846196 0.007950
0.730164 0.988192
0.482020 0.371241
0.605833 0.804698
0.240252 0.250701
0.607178 0.939880
0.298440 0.376755
0.993333 0.176222
0.076968 0.589755
0.024267 0.180433
0.622209 0.659512
0.510425 0.383748
0.576198 0.643386
0.803482 0.792751
0.664801 0.894233
0.838025 0.133246
0.956679 0.891742
0.320927 0.020184
0.603976 0.438418
0.749567 0.524600
0.076490 0.244687
0.882524 0.037690
0.736670 0.291944
0.452640 0.531005
0.250081 0.651960
0.693442 0.085059
0.373927 0.744377
0.721638 0.544603
0.777675 0.107645
0.118211 0.657489
0.693334 0.814527
0.181037 0.516772
0.660831 0.223700
0.516928 0.638445
0.214450 0.375563
0.216339 0.902943
0.236799 0.120835
0.035155 0.044953
0.191586 0.608209
0.017650 0.286744
0.058167 0.403659
0.048577 0.607542
0.688424 0.731338
0.224343 0.868500
0.690288 0.056650
0.440767 0.767756
0.310894 0.381559
0.629604 0.055481
0.966935 0.174481
0.026672 0.005323
0.399554 0.884253
0.819762 0.912046
0.533782 0.448746
0.385861 0.046418
0.909521 0.496176
0.455067 0.515167
0.794155 0.224471
0.709901 0.710770
0.849553 0.008684
0.170396 0.471047
0.850540 0.965117
0.594869 0.212134
0.184585 0.639444
0.210069 0.553087
0.834812 0.389820
0.378472 0.036140
0.254085 0.698191
0.360391 0.158299
0.105768 0.095053
0.659133 0.612621
0.518521 0.500326
0.153137 0.500604
0.059938 0.925858
0.058028 0.423530
0.000571 0.786150
0.166170 0.924916
0.043978 0.820787
0.656638 0.249736
0.202420 0.357678
0.828403 0.861957
0.175285 0.353448
0.237491 0.122643
0.646449 0.345871
0.225384 0.865998
0.748318 0.773761
0.039196 0.915130
0.574738 0.503803
0.010585 0.897662
0.543890 0.825153
0.655511 0.796694
0.692932 0.920964
0.225484 0.202100
0.712542 0.501395
0.599161 0.708542
0.547428 0.787693
0.318867 0.858990
0.107676 0.634004
0.890133 0.252694
0.326835 0.305442
0.564264 0.412872
0.107959 0.891287
0.204677 0.534080
0.594805 0.040752
0.095712 0.971690
0.664512 0.033565
0.794199 0.508543
0.075200 0.680752
0.499352 0.204920
0.877702 0.291380
0.284557 0.272774
0.767456 0.706119
0.903146 0.229339
0.786365 0.573046
0.308680 0.035454
0.818948 0.241071
0.631743 0.548868
0.004450 0.994344
0.814329 0.486471
0.680341 0.476594
0.744586 0.134329
0.446351 0.335537
0.459655 0.450473
0.143094 0.976489
0.015492 0.010073
0.373441 0.620376
0.179653 0.533194
0.722772 0.094061
0.984422 0.336701
0.642415 0.110720
0.709486 0.840456
0.105285 0.125863
0.281047 0.011936
0.986051 0.598384
0.607589 0.958962
0.832029 0.814243
0.339502 0.334863
0.291738 0.346696
0.369509 0.140004
0.355948 0.446747
0.309347 0.165347
0.373410 0.480908
